134
146
242
266
278
282
458
481
482
559
585
602
603
609
873
884
891
921
938
940
955
984
996
1005
1007
1010
1017
1018
1027
1028
1758
1825
1861
1870
1876
1900
1914
1915
1925
1935
1947
1950
1977
1981
1985
1987
1989
1998
2003
2013
2015
2036
2049
2079
2086
2092
2104
2105
2116
2118
2119
2138
3326
3484
3550
3555
3589
3653
3657
3670
3671
3685
3694
3704
3717
3734
3752
3755
3788
3807
3828
3832
3848
3859
3868
3871
3873
3887
3889
3907
3908
3916
3917
3918
3923
3930
3972
3977
4014
4032
4056
4063
4069
4095
4116
4117
4123
4125
4127
4131
4134
4135
4148
4161
4166
4188
4192
4200
4223
4257
4278
4279
4289
4321
4396
4557
6703
6846
6847
6886
6897
6908
6930
6964
7063
7066
7077
7089
7096
7120
7138
7220
7262
7268
7269
7301
7303
7347
7392
7407
7445
7472
7473
7504
7506
7518
7535
7554
7555
7557
7583
7607
7611
7612
7616
7659
7662
7669
7723
7733
7736
7751
7763
7765
7767
7773
7776
7779
7787
7792
7799
7812
7813
7833
7847
7849
7869
7872
7877
7880
7896
7902
7904
7937
7946
7952
7978
7979
8009
8018
8019
8022
8031
8040
8062
8078
8153
8160
8163
8166
8178
8180
8202
8213
8214
8233
8242
8270
8275
8276
8295
8302
8306
8308
8312
8313
8321
8325
8327
8330
8351
8393
8423
8442
8492
8503
8573
8588
8612
8636
8678
8746
8752
8754
8761
8769
8823
8956
9038
9056
9252
9299
9420
9442
12656
12749
12787
13107
13144
13217
13278
13381
13409
13448
13693
13767
13788
13883
13913
13921
13926
14008
14022
14091
14102
14104
14183
14199
14256
14303
14320
14367
14376
14437
14458
14478
14501
14518
14537
14553
14599
14602
14603
14615
14647
14668
14670
14686
14698
14734
14756
14766
14779
14788
14804
14830
14916
14929
14952
14959
14970
14996
15010
15032
15046
15047
15051
15076
15104
15114
15117
15118
15135
15143
15150
15154
15171
15187
15202
15205
15215
15217
15222
15227
15237
15256
15266
15283
15291
15305
15315
15332
15348
15355
15370
15371
15379
15381
15422
15431
15441
15445
15472
15496
15507
15517
15518
15543
15551
15565
15570
15579
15589
15591
15596
15600
15608
15612
15655
15666
15682
15705
15721
15727
15734
15758
15767
15775
15778
15810
15826
15832
15836
15846
15866
15875
15880
15899
15919
15960
15969
15993
15998
16003
16016
16043
16048
16051
16080
16098
16101
16132
16154
16159
16163
16164
16166
16182
16193
16196
16204
16215
16218
16245
16249
16260
16272
16273
16277
16280
16282
16284
16285
16329
16355
16369
16379
16386
16405
16408
16437
16445
16446
16453
16461
16466
16474
16514
16562
16599
16606
16609
16642
16647
16685
16687
16707
16720
16726
16738
16749
16757
16809
16811
16832
16846
16863
16877
16879
16885
16892
16897
16908
16911
16912
16931
16948
16959
16998
17008
17046
17047
17053
17055
17112
17131
17132
17146
17156
17178
17200
17238
17242
17246
17257
17262
17278
17281
17302
17304
17334
17336
17465
17484
17519
17558
17577
17583
17606
17666
17720
17846
17920
17997
18051
18175
18254
18333
18411
18533
25613
25758
25975
26136
26306
26378
26423
26434
26653
26992
27015
27168
27176
27313
27497
27512
27716
27754
27803
27854
27974
27979
27999
28014
28024
28138
28234
28235
28283
28314
28330
28394
28395
28474
28502
28509
28518
28537
28551
28586
28593
28681
28730
28756
28814
28834
28839
28879
28909
28926
28941
28953
28960
28978
28982
29038
29042
29050
29071
29114
29120
29121
29127
29148
29152
29167
29169
29191
29197
29273
29276
29287
29310
29313
29322
29332
29333
29342
29368
29372
29413
29438
29440
29446
29491
29508
29541
29579
29602
29604
29606
29610
29612
29655
29661
29708
29715
29734
29748
29785
29789
29816
29835
29855
29863
29888
29898
29910
29920
29930
29949
29951
29964
29966
29978
30003
30021
30033
30036
30045
30065
30067
30087
30105
30117
30130
30160
30181
30204
30210
30221
30239
30246
30268
30291
30299
30306
30316
30327
30352
30386
30397
30402
30405
30412
30430
30442
30444
30469
30481
30483
30498
30522
30529
30540
30543
30548
30550
30557
30568
30580
30582
30597
30600
30617
30620
30623
30626
30640
30651
30653
30683
30686
30697
30703
30729
30743
30758
30771
30773
30786
30794
30808
30813
30826
30832
30851
30855
30866
30875
30882
30884
30907
30911
30921
30944
30945
30967
30969
30995
31005
31031
31035
31049
31053
31083
31109
31165
31170
31177
31187
31192
31239
31253
31271
31272
31275
31276
31289
31314
31322
31327
31328
31339
31344
31361
31365
31387
31396
31398
31407
31416
31426
31439
31440
31444
31457
31545
31555
31579
31586
31595
31597
31602
31631
31639
31646
31648
31651
31655
31661
31671
31675
31679
31682
31684
31685
31689
31693
31710
31716
31721
31725
31733
31823
31908
31918
31926
31928
31940
31955
31967
31994
32005
32011
32019
32021
32053
32066
32072
32117
32123
32135
32166
32191
32219
32222
32226
32231
32234
32242
32262
32272
32313
32332
32355
32372
32394
32397
32417
32421
32431
32454
32457
32470
32481
32482
32494
32505
32529
32532
32541
32557
32565
32567
32570
32646
32667
32678
32683
32716
32734
32744
32747
32752
32757
32769
32782
32812
32819
32848
32864
32875
32919
32926
32928
32940
32944
32976
32987
32989
32997
33006
33007
33021
33030
33036
33070
33074
33079
33087
33125
33128
33140
33154
33167
33173
33190
33227
33229
33231
33237
33240
33259
33287
33291
33294
33304
33309
33323
33328
33345
33353
33379
33399
33404
33432
33472
33481
33506
33507
33519
33553
33562
33574
33604
33609
33637
33657
33674
33683
33715
33719
33739
33742
33745
33758
33774
33775
33779
33840
33852
33855
33862
33880
33888
33911
33913
33962
33968
33969
33973
33979
33995
33998
34008
34029
34092
34095
34106
34107
34130
34135
34148
34203
34219
34220
34231
34238
34247
34283
34288
34321
34353
34409
34425
34429
34433
34443
34478
34490
34492
34514
34515
34555
34559
34563
34597
34610
34630
34680
34688
34691
34697
34733
34770
34784
34936
34937
34948
34958
35038
35047
35083
35089
35123
35128
35223
35227
35265
35266
35333
35418
35427
35448
35463
35488
35504
35529
35534
35574
35588
35592
35608
35736
35867
36075
36212
36235
36254
36265
36282
36312
36471
36522
36549
36550
36573
36804
36920
37052
37072
37218
37225
37423
37532
37662
37849
38009
38162
38431
38805
50552
51064
51382
51622
51630
51725
51765
51817
52109
52291
52324
52448
52663
52764
52845
53079
53206
53246
53351
53376
53452
53470
53485
53677
53744
53747
53842
54049
54052
54072
54080
54108
54110
54131
54146
54173
54183
54192
54296
54368
54459
54467
54535
54655
54670
54682
54706
54768
54769
54799
54812
54840
54895
54956
54957
54987
55103
55248
55264
55291
55317
55325
55440
55467
55485
55549
55771
55789
55814
55859
55860
55958
56054
56099
56118
56165
56167
56207
56212
56271
56277
56282
56285
56292
56298
56369
56377
56397
56425
56432
56487
56498
56536
56553
56565
56592
56596
56608
56623
56650
56651
56673
56692
56803
56888
56912
56929
57006
57008
57078
57086
57098
57123
57231
57255
57257
57259
57276
57277
57294
57326
57373
57374
57405
57427
57445
57457
57474
57534
57557
57573
57579
57589
57606
57710
57729
57754
57786
57820
57831
57834
57845
57854
57865
57884
57896
57947
57956
57964
58038
58059
58069
58091
58163
58172
58191
58270
58295
58329
58392
58396
58397
58407
58434
58509
58541
58554
58564
58590
58615
58629
58638
58647
58674
58691
58751
58770
58771
58786
58873
58883
58897
58928
58942
58946
58955
58983
58990
58992
59000
59015
59017
59039
59040
59048
59059
59091
59102
59106
59119
59126
59148
59156
59159
59166
59185
59192
59205
59212
59228
59230
59237
59294
59312
59337
59351
59390
59395
59404
59405
59422
59462
59519
59526
59529
59590
59594
59609
59611
59649
59652
59676
59679
59681
59731
59744
59765
59773
59791
59802
59892
59901
59903
59915
59920
59931
59947
59979
59988
60005
60017
60019
60054
60070
60075
60097
60102
60144
60163
60175
60183
60192
60193
60195
60208
60209
60213
60229
60242
60278
60298
60316
60337
60349
60438
60447
60470
60471
60472
60480
60496
60507
60509
60517
60552
60570
60575
60591
60594
60606
60608
60613
60626
60635
60660
60696
60719
60722
60745
60774
60787
60793
60824
60836
60839
60859
60867
60946
60956
60963
60964
60966
60982
60988
61005
61010
61015
61016
61028
61061
61073
61115
61122
61123
61126
61134
61135
61168
61178
61193
61214
61241
61257
61287
61291
61300
61312
61314
61340
61345
61349
61376
61404
61407
61424
61429
61435
61442
61484
61491
61505
61516
61530
61532
61544
61553
61559
61586
61595
61603
61620
61634
61644
61655
61661
61667
61677
61686
61711
61734
61740
61746
61756
61765
61766
61778
61780
61787
61798
61808
61809
61881
61893
61899
61912
61913
61937
61946
61957
61958
62017
62028
62048
62059
62090
62101
62106
62139
62142
62150
62156
62159
62165
62175
62199
62209
62218
62235
62262
62270
62277
62282
62288
62293
62298
62307
62309
62310
62316
62325
62326
62328
62332
62367
62388
62422
62436
62438
62443
62447
62451
62464
62483
62488
62500
62503
62528
62544
62553
62556
62564
62575
62603
62606
62623
62656
62666
62667
62672
62682
62697
62714
62722
62751
62758
62767
62794
62817
62857
62859
62860
62888
62906
62911
62915
62920
62931
62942
62947
62958
62964
62970
62989
62999
63004
63010
63011
63029
63050
63063
63071
63072
63080
63093
63121
63126
63129
63154
63164
63175
63191
63201
63213
63263
63265
63266
63267
63295
63324
63331
63342
63350
63364
63383
63425
63434
63436
63468
63475
63517
63550
63556
63557
63591
63598
63600
63602
63607
63618
63619
63630
63652
63709
63715
63718
63726
63739
63741
63748
63768
63770
63787
63791
63823
63848
63851
63857
63867
63876
63878
63884
63901
63913
63924
63940
63946
63961
64006
64020
64042
64069
64072
64090
64110
64112
64114
64116
64129
64162
64170
64193
64200
64201
64205
64216
64224
64239
64243
64244
64255
64279
64292
64296
64300
64322
64323
64331
64340
64348
64370
64371
64376
64394
64407
64423
64442
64460
64482
64483
64485
64488
64490
64510
64521
64523
64526
64561
64565
64566
64593
64595
64612
64618
64630
64643
64648
64660
64665
64667
64672
64697
64699
64700
64711
64732
64764
64772
64783
64830
64842
64845
64863
64870
64883
64897
64903
64909
64917
64936
64954
64955
64957
64967
64987
65016
65044
65054
65076
65077
65080
65083
65087
65104
65117
65128
65137
65142
65145
65152
65198
65208
65215
65220
65222
65223
65236
65260
65318
65319
65330
65339
65358
65404
65407
65408
65414
65455
65456
65480
65507
65509
65522
65532
65534
65556
65589
65592
65616
65619
65633
65638
65652
65655
65658
65660
65674
65677
65685
65692
65698
65708
65719
65724
65741
65747
65774
65776
65785
65801
65808
65815
65836
65847
65856
65896
65903
65911
65925
65931
65943
65970
65979
65983
66009
66012
66039
66049
66050
66087
66100
66114
66121
66141
66162
66171
66179
66202
66224
66242
66251
66255
66279
66302
66305
66308
66319
66323
66325
66326
66334
66337
66341
66349
66374
66387
66392
66398
66451
66471
66486
66500
66506
66520
66535
66562
66576
66607
66615
66629
66636
66637
66644
66657
66676
66701
66703
66718
66720
66757
66789
66809
66823
66862
66870
66871
66887
66907
66915
66939
66972
67024
67038
67045
67049
67102
67133
67143
67153
67168
67170
67176
67180
67203
67209
67211
67226
67236
67242
67254
67264
67268
67276
67282
67321
67354
67361
67381
67391
67408
67454
67460
67466
67476
67518
67548
67550
67564
67578
67581
67595
67605
67609
67615
67616
67619
67649
67680
67684
67685
67688
67695
67708
67719
67737
67746
67763
67777
67789
67807
67809
67834
67844
67870
67888
67890
67897
67903
67906
67957
67992
68000
68008
68010
68011
68023
68053
68105
68115
68116
68118
68127
68130
68133
68135
68140
68149
68199
68258
68260
68308
68342
68343
68347
68385
68387
68395
68416
68419
68451
68491
68509
68540
68565
68571
68632
68681
68705
68709
68719
68728
68774
68788
68791
68805
68817
68825
68859
68904
68925
68953
68995
69083
69141
69153
69157
69165
69182
69231
69313
69333
69352
69387
69392
69401
69432
69448
69477
69479
69544
69559
69582
69584
69586
69592
69605
69658
69662
69676
69682
69728
69750
69782
69792
69863
69877
69898
69909
69918
70015
70032
70052
70057
70133
70172
70196
70248
70267
70389
70409
70423
70429
70432
70526
70567
70569
70641
70673
70727
70736
70809
70845
70860
70893
70898
70919
70922
70955
71129
71159
71201
71256
71261
71383
71403
71406
71432
71491
71494
71510
71519
71521
71559
71567
71610
71693
71710
71745
71812
71878
71900
71916
71975
71985
72037
72052
72059
72092
72112
72118
72161
72248
72261
72263
72289
72301
72309
72427
72465
72510
72550
72616
72631
72712
72871
73475
73974
73981
74132
74418
74579
74628
74660
74851
75510
98959
