16
22
30
40
43
48
49
68
75
77
86
93
103
104
114
118
119
148
153
156
157
159
161
163
169
170
174
178
184
185
223
229
230
244
245
248
255
261
268
270
274
275
282
283
295
297
301
302
303
321
322
325
326
332
336
343
344
346
351
387
390
396
399
410
416
421
432
433
438
439
444
464
471
481
501
512
513
517
524
531
538
540
545
546
549
563
575
579
598
599
614
619
622
623
624
627
629
630
632
638
643
645
646
653
654
657
673
680
683
699
700
712
723
735
742
751
752
762
764
769
774
776
779
781
784
791
799
809
829
833
849
852
857
883
886
906
908
913
918
923
930
936
942
948
952
954
965
967
970
972
973
978
982
991
993
1004
1007
1016
1019
1030
1042
1044
1063
1064
1068
1071
1075
1078
1093
1109
1110
1113
1135
1140
1147
1156
1157
1163
1164
1166
1168
1170
1176
1178
1179
1182
1184
1185
1191
1193
1195
1196
1204
1205
1206
1214
1215
1220
1231
1232
1241
1254
1257
1264
1265
1266
1267
1269
1271
1272
1274
1276
1287
1288
1289
1294
1304
1311
1317
1334
1341
1351
1355
1356
1364
1367
1372
1375
1379
1382
1383
1400
1404
1413
1440
1441
1452
1453
1499
1515
1520
1523
1530
1537
1546
1552
1556
1557
1561
1567
1569
1599
1624
1667
1669
1670
1692
1694
1695
1706
1709
1727
1732
1737
1738
1747
1750
1766
1770
1776
1778
1780
1783
1789
1795
1809
1811
1812
1817
1819
1825
1827
1831
1833
1846
1847
1851
1855
1860
1863
1867
1872
1878
1888
1896
1907
1914
1916
1933
1934
1948
1950
1951
1992
1995
1999
2000
2003
2010
2011
2014
2018
2032
2039
2041
2042
2043
2051
2058
2066
2068
2072
2074
2077
2079
2081
2086
2092
2095
2097
2098
2099
2100
2102
2105
2108
2115
2117
2122
2126
2128
2130
2133
2135
2136
2139
2145
2146
2156
2158
2159
2162
2163
2165
2170
2171
2172
2177
2188
2194
2196
2200
2202
2214
2220
2241
2246
2250
2253
2254
2258
2262
2265
2266
2268
2275
2279
2281
2282
2285
2287
2292
2299
2304
2318
2319
2325
2329
2332
2336
2344
2351
2360
2365
2368
2369
2377
2378
2383
2386
2389
2390
2394
2395
2407
2408
2419
2422
2425
2426
2444
2447
2448
2450
2460
2465
2472
2474
2477
2480
2489
2495
2497
2512
2520
2521
2523
2526
2532
2535
2547
2555
2556
2559
2568
2572
2575
2590
2594
2606
2617
2629
2631
2632
2641
2647
2662
2671
2673
2675
2677
2678
2681
2690
2693
2695
2707
2708
2712
2720
2721
2732
2737
2739
2742
2744
2767
2776
2778
2797
2803
2805
2816
2817
2823
2831
2849
2861
2870
2879
2883
2892
2905
2938
2939
2950
2952
2955
2960
2961
2968
2976
2988
2991
2992
3046
3053
3074
3076
3089
3090
3117
3147
3148
3150
3162
3168
3178
3200
3208
3209
3224
3225
3250
3263
3300
3303
3315
3319
3333
3334
3338
3352
3354
3356
3357
3358
3363
3385
3393
3411
3429
3435
3449
3453
3483
3495
3501
3504
3505
3515
3516
3518
3519
3520
3544
3567
3575
3587
3607
3610
3615
3636
3642
3663
3665
3677
3678
3680
3701
3709
3714
3719
3722
3734
3742
3773
3774
3776
3779
3786
3787
3799
3801
3806
3807
3810
3813
3814
3816
3818
3819
3821
3830
3833
3845
3847
3850
3853
3855
3859
3860
3882
3892
3896
3897
3914
3916
3932
3937
3942
3953
3956
3964
3969
3980
3984
3985
3986
3988
4000
4004
4008
4024
4026
4034
4035
4041
4049
4050
4060
4061
4073
4077
4079
4085
4090
4097
4098
4099
4100
4105
4108
4109
4114
4134
4135
4149
4151
4161
4168
4169
4172
4173
4177
4184
4192
4196
4199
4201
4210
4212
4217
4221
4223
4224
4225
4228
4243
4248
4255
4262
4264
4271
4273
4276
4283
4286
4288
4292
4295
4307
4315
4316
4323
4332
4337
4343
4347
4350
4352
4372
4376
4386
4387
4388
4389
4392
4405
4408
4410
4412
4414
4416
4417
4425
4437
4438
4440
4444
4447
4448
4454
4456
4460
4472
4476
4477
4496
4508
4512
4514
4517
4522
4536
4546
4548
4552
4563
4568
4580
4583
4584
4585
4588
4591
4592
4594
4602
4617
4622
4625
4627
4631
4632
4634
4642
4644
4648
4656
4663
4664
4665
4667
4668
4674
4689
4694
4701
4711
4714
4721
4728
4733
4734
4735
4740
4742
4744
4746
4747
4749
4750
4751
4754
4757
4761
4775
4776
4779
4781
4786
4788
4793
4799
4806
4822
4823
4829
4832
4844
4846
4853
4854
4859
4864
4867
4868
4873
4880
4881
4889
4890
4891
4893
4898
4906
4907
4909
4924
4928
4932
4942
4960
4961
4965
4981
4993
4999
5000
5002
5005
5006
5013
5019
5020
5021
5025
5030
5036
5042
5044
5046
5054
5057
5061
5066
5068
5076
5077
5078
5088
5090
5095
5100
5101
5102
5104
5110
5122
5128
5129
5130
5131
5133
5142
5151
5153
5164
5174
5176
5178
5181
5188
5190
5202
5211
5213
5216
5219
5223
5232
5239
5252
5255
5260
5263
5266
5279
5283
5289
5290
5291
5292
5303
5308
5311
5313
5314
5319
5320
5326
5329
5331
5336
5356
5371
5375
5378
5380
5387
5390
5395
5408
5415
5417
5425
5429
5436
5445
5449
5456
5459
5468
5471
5473
5488
5493
5499
5511
5518
5528
5529
5530
5537
5546
5547
5551
5592
5610
5615
5630
5637
5639
5662
5669
5677
5678
5685
5691
5697
5700
5702
5715
5717
5722
5723
5724
5732
5746
5747
5749
5763
5764
5784
5785
5811
5821
5824
5827
5829
5842
5843
5861
5876
5902
5910
5917
5922
5952
5954
5960
5969
5970
5973
5999
6004
6006
6008
6018
6024
6032
6042
6049
6056
6059
6061
6076
6078
6086
6090
6119
6128
6132
6139
6151
6152
6166
6167
6170
6175
6182
6184
6185
6190
6200
6203
6209
6211
6223
6229
6249
6258
6283
6286
6295
6301
6306
6310
6319
6320
6330
6332
6364
6368
6374
6379
6383
6398
6419
6425
6445
6450
6472
6492
6513
6520
6528
6529
6542
6555
6560
6561
6562
6575
6585
6601
6607
6608
6639
6655
6669
6681
6702
6731
6735
6738
6745
6749
6750
6752
6758
6761
6783
6788
6804
6806
6809
6839
6842
6850
6851
6853
6861
6862
6869
6881
6895
6923
6932
6933
6938
6951
6959
6967
6972
6973
6980
6984
7010
7015
7018
7019
7020
7021
7025
7034
7040
7042
7063
7065
7078
7088
7092
7098
7112
7122
7125
7147
7150
7159
7160
7161
7169
7175
7179
7193
7194
7205
7206
7215
7219
7222
7228
7233
7259
7268
7269
7273
7274
7280
7288
7291
7303
7305
7316
7327
7331
7332
7336
7337
7343
7353
7359
7364
7369
7370
7374
7389
7398
7403
7405
7407
7422
7425
7430
7438
7439
7461
7464
7473
7477
7479
7493
7494
7514
7526
7527
7529
7539
7541
7548
7554
7564
7570
7571
7589
7591
7594
7596
7602
7603
7606
7607
7610
7614
7650
7652
7655
7658
7659
7660
7699
7701
7704
7709
7713
7716
7729
7732
7737
7738
7742
7749
7756
7770
7771
7773
7781
7790
7791
7792
7801
7810
7814
7817
7828
7840
7844
7848
7849
7868
7872
7873
7874
7875
7878
7883
7888
7889
7890
7901
7907
7920
7923
7928
7932
7934
7936
7951
7953
7954
7957
7961
7964
7966
7976
7982
7996
8002
8013
8014
8018
8020
8023
8024
8031
8035
8038
8043
8050
8051
8053
8054
8055
8063
8064
8067
8069
8072
8088
8089
8090
8092
8096
8100
8103
8110
8115
8117
8126
8131
8143
8153
8154
8156
8174
8179
8195
8198
8200
8211
8227
8231
8236
8241
8244
8247
8252
8255
8256
8268
8276
8279
8280
8287
8289
8294
8295
8300
8301
8303
8305
8307
8308
8309
8320
8321
8326
8335
8345
8346
8354
8356
8361
8372
8374
8375
8378
8384
8393
8399
8404
8415
8416
8417
8419
8420
8428
8440
8441
8442
8444
8454
8455
8462
8464
8472
8473
8487
8489
8501
8502
8503
8509
8510
8522
8526
8527
8532
8535
8537
8539
8540
8544
8545
8550
8555
8557
8562
8565
8566
8572
8577
8580
8582
8583
8590
8594
8601
8605
8606
8612
8623
8624
8630
8633
8634
8639
8642
8643
8645
8648
8650
8654
8656
8657
8670
8675
8686
8687
8693
8698
8705
8707
8708
8709
8721
8722
8723
8724
8725
8738
8739
8743
8748
8766
8767
8785
8789
8790
8794
8796
8797
8814
8824
8827
8843
8848
8849
8852
8855
8856
8858
8859
8860
8862
8868
8876
8880
8884
8888
8896
8901
8911
8917
8920
8923
8925
8933
8935
8938
8946
8957
8958
8967
8971
8973
8977
8979
8984
8985
8987
8988
8989
8994
8995
9003
9009
9014
9021
9023
9038
9044
9049
9053
9058
9060
9063
9066
9074
9076
9086
9089
9093
9100
9104
9106
9110
9116
9121
9122
9126
9130
9133
9135
9139
9149
9152
9153
9156
9166
9168
9173
9174
9177
9179
9180
9182
9186
9188
9198
9212
9215
9217
9220
9223
9225
9227
9228
9230
9231
9233
9245
9248
9251
9252
9254
9256
9261
9262
9263
9267
9277
9282
9283
9285
9291
9294
9296
9303
9304
9307
9312
9318
9320
9329
9335
9336
9338
9343
9350
9356
9361
9368
9370
9371
9379
9381
9385
9387
9392
9396
9398
9406
9413
9418
9422
9424
9427
9430
9432
9435
9440
9441
9445
9446
9448
9461
9468
9474
9475
9486
9491
9496
9499
9506
9513
9515
9516
9518
9526
9530
9531
9542
9550
9551
9552
9557
9558
9560
9565
9567
9569
9572
9577
9584
9594
9601
9611
9612
9613
9620
9629
9637
9639
9643
9644
9649
9651
9655
9665
9673
9678
9690
9693
9702
9707
9708
9715
9717
9721
9726
9729
9730
9731
9734
9735
9737
9740
9742
9746
9751
9754
9755
9756
9758
9760
9761
9767
9784
9792
9793
9797
9806
9808
9830
9835
9838
9842
9844
9848
9849
9856
9868
9869
9871
9873
9879
9885
9901
9910
9914
9915
9925
9926
9927
9929
9930
9931
9933
9939
9947
9951
9959
9960
9961
9972
9973
9980
9982
9987
9997
10003
10006
10007
10014
10026
10040
10043
10047
10053
10055
10062
10064
10073
10076
10078
10081
10082
10085
10087
10089
10094
10095
10096
10108
10113
10114
10115
10117
10118
10122
10123
10130
10136
10154
10165
10169
10176
10178
10183
10187
10192
10198
10200
10207
10209
10218
10222
10223
10224
10226
10246
10247
10255
10257
10271
10282
10294
10301
10305
10313
10317
10318
10320
10323
10337
10339
10342
10347
10361
10363
10364
10368
10374
10399
10400
10411
10429
10432
10446
10448
10450
10460
10473
10485
10488
10491
10496
10507
10510
10516
10529
10538
10543
10548
10560
10562
10572
10574
10578
10579
10582
10589
10609
10612
10616
10627
10632
10638
10641
10647
10648
10652
10653
10658
10666
10670
10676
10681
10682
10683
10694
10695
10697
10699
10702
10703
10708
10710
10723
10724
10729
10732
10744
10745
10747
10750
10765
10766
10770
10777
10787
10812
10823
10830
10850
10851
10853
10858
10864
10867
10875
10888
10889
10893
10895
10897
10921
10928
10929
10938
10948
10950
10978
10988
10992
10997
11001
11002
11006
11018
11029
11033
11058
11068
11071
11075
11078
11092
11117
11121
11122
11136
11139
11140
11143
11156
11167
11173
11192
11193
11198
11212
11230
11232
11238
11249
11251
11268
11269
11298
11300
11305
11309
11319
11324
11326
11331
11337
11340
11344
11346
11353
11367
11368
11372
11373
11387
11390
11404
11405
11408
11411
11413
11416
11438
11442
11452
11464
11474
11477
11485
11487
11490
11506
11525
11534
11542
11548
11549
11556
11562
11567
11598
11617
11627
11632
11633
11648
11656
11661
11666
11667
11687
11689
11704
11705
11709
11728
11734
11736
11737
11744
11749
11751
11755
11761
11771
11805
11811
11814
11864
11870
11875
11879
11890
11918
11934
11935
11943
11945
11956
11957
11970
11983
12014
12033
12041
12043
12047
12049
12073
12083
12086
12088
12121
12127
12132
12141
12143
12149
12152
12172
12175
12183
12193
12226
12235
12236
12244
12258
12267
12279
12287
12295
12304
12310
12312
12313
12317
12319
12324
12334
12339
12341
12348
12353
12363
12367
12392
12397
12402
12410
12419
12425
12426
12428
12430
12431
12433
12434
12459
12462
12466
12467
12470
12477
12490
12491
12493
12537
12538
12550
12562
12596
12602
12616
12633
12650
12658
12669
12690
12707
12714
12720
12723
12724
12738
12740
12744
12752
12764
12768
12780
12783
12802
12803
12815
12824
12855
12871
12872
12893
12903
12905
12909
12921
12927
12939
12947
12950
12967
12969
12993
12999
13012
13025
13026
13028
13034
13036
13039
13084
13097
13101
13109
13112
13125
13146
13150
13156
13162
13165
13178
13188
13198
13214
13215
13224
13225
13227
13239
13241
13249
13257
13292
13300
13327
13345
13352
13353
13359
13361
13367
13389
13403
13407
13412
13413
13420
13422
13428
13442
13447
13451
13452
13466
13468
13491
13492
13501
13511
13516
13523
13535
13537
13541
13543
13555
13556
13558
13573
13580
13584
13585
13621
13626
13657
13664
13667
13671
13672
13675
13677
13683
13687
13693
13694
13721
13765
13772
13777
13781
13782
13785
13796
13801
13804
13831
13840
13847
13851
13854
13862
13864
13872
13873
13897
13905
13912
13920
13939
13946
13951
13973
13984
13992
13993
13995
14020
14023
14025
14044
14049
14066
14070
14086
14095
14096
14105
14120
14121
14127
14131
14139
14146
14158
14162
14174
14177
14184
14191
14194
14206
14209
14211
14212
14214
14220
14230
14242
14246
14251
14254
14256
14257
14261
14263
14272
14282
14306
14308
14314
14317
14328
14336
14344
14351
14360
14394
14397
14410
14411
14414
14426
14434
14437
14443
14445
14459
14470
14471
14473
14474
14486
14487
14495
14496
14498
14499
14504
14510
14513
14515
14518
14536
14539
14543
14545
14552
14565
14581
14584
14587
14596
14600
14609
14612
14624
14630
14631
14652
14659
14668
14677
14684
14689
14695
14698
14702
14711
14714
14728
14732
14736
14741
14743
14744
14747
14752
14754
14760
14765
14767
14774
14775
14776
14785
14796
14804
14805
14807
14808
14811
14820
14841
14843
14865
14868
14869
14877
14884
14897
14901
14902
14907
14917
14918
14932
14933
14937
14941
14944
14948
14954
14955
14967
14972
14975
14984
14985
14993
14995
15006
15007
15015
15022
15036
15040
15042
15048
15051
15056
15064
15083
15088
15089
15092
15096
15097
15104
15110
15118
15120
15122
15128
15133
15166
15174
15176
15178
15181
15187
15189
15197
15199
15206
15212
15213
15224
15225
15226
15227
15233
15237
15239
15258
15264
15275
15276
15281
15297
15302
15303
15310
15311
15314
15328
15344
15347
15353
15364
15366
15373
15377
15381
15390
15393
15407
15411
15414
15419
15421
15424
15427
15438
15444
15448
15464
15467
15471
15473
15487
15489
15490
15495
15500
15502
15509
15510
15513
15514
15515
15522
15525
15546
15548
15550
15552
15557
15558
15562
15564
15568
15582
15588
15591
15603
15608
15610
15612
15621
15623
15626
15638
15643
15646
15647
15649
15654
15657
15669
15672
15683
15684
15695
15705
15706
15717
15718
15727
15730
15731
15732
15736
15744
15746
15747
15749
15763
15767
15770
15775
15779
15781
15782
15784
15792
15793
15801
15804
15811
15814
15830
15833
15842
15844
15846
15855
15856
15876
15877
15883
15888
15891
15894
15898
15899
15901
15906
15907
15909
15917
15919
15924
15926
15932
15934
15939
15940
15942
15945
15948
15950
15951
15954
15956
15968
15973
15983
15985
15986
15987
15989
15990
15997
15999
16007
16010
16023
16024
16032
16046
16060
16061
16065
16067
16071
16072
16077
16081
16083
16085
16087
16097
16098
16102
16103
16111
16134
16136
16142
16149
16154
16157
16161
16167
16175
16177
16182
16183
16187
16194
16198
16199
16206
16211
16220
16221
16223
16226
16229
16231
16233
16248
16251
16259
16261
16277
16284
16292
16295
16309
16311
16315
16338
16344
16355
16356
16363
16377
16380
16382
16385
16386
16389
16397
16404
16412
16413
16415
16423
16424
16426
16427
16435
16440
16443
16446
16455
16456
16461
16462
16466
16489
16497
16500
16504
16506
16507
16519
16523
16536
16539
16543
16563
16568
16570
16574
16575
16579
16593
16610
16611
16620
16639
16641
16643
16648
16650
16655
16656
16662
16667
16670
16672
16676
16681
16686
16698
16699
16705
16710
16714
16717
16724
16731
16733
16735
16737
16739
16744
16756
16762
16764
16766
16770
16771
16773
16779
16784
16787
16789
16793
16796
16815
16820
16824
16825
16833
16838
16839
16841
16842
16843
16852
16863
16868
16874
16881
16887
16888
16889
16895
16897
16899
16903
16904
16907
16910
16914
16915
16917
16918
16934
16936
16938
16943
16944
16947
16948
16954
16964
16968
16969
16973
16986
16995
16999
17000
17005
17006
17009
17023
17024
17027
17028
17032
17033
17043
17046
17051
17054
17056
17058
17073
17077
17078
17089
17092
17097
17101
17103
17104
17106
17116
17120
17121
17123
17127
17143
17146
17156
17161
17170
17175
17187
17190
17195
17198
17199
17200
17203
17204
17215
17226
17227
17229
17233
17239
17242
17246
17251
17256
17259
17265
17275
17278
17282
17288
17304
17305
17308
17316
17322
17328
17329
17337
17345
17352
17357
17359
17361
17362
17366
17367
17368
17370
17373
17381
17383
17388
17391
17394
17399
17403
17416
17430
17442
17443
17444
17453
17454
17456
17457
17458
17460
17461
17467
17470
17473
17479
17488
17492
17494
17498
17499
17506
17513
17514
17525
17533
17534
17535
17543
17545
17559
17563
17564
17566
17572
17573
17574
17578
17584
17587
17599
17609
17617
17629
17632
17636
17637
17640
17643
17646
17647
17655
17656
17657
17658
17663
17679
17681
17684
17693
17700
17702
17708
17715
17718
17728
17730
17734
17739
17742
17745
17748
17750
17755
17760
17766
17767
17770
17779
17785
17792
17795
17798
17804
17810
17813
17820
17825
17827
17831
17832
17834
17850
17855
17858
17859
17865
17867
17869
17882
17886
17891
17901
17909
17912
17919
17922
17934
17941
17948
17949
17954
17958
17960
17962
17963
17970
17971
17978
17983
17984
17994
17995
18005
18006
18013
18021
18025
18038
18047
18049
18050
18059
18061
18068
18075
18084
18087
18091
18093
18100
18105
18106
18111
18112
18114
18120
18121
18122
18123
18124
18126
18129
18134
18135
18146
18147
18150
18151
18154
18161
18163
18167
18173
18176
18177
18192
18205
18210
18213
18219
18223
18227
18231
18235
18236
18237
18239
18244
18248
18253
18260
18265
18270
18271
18274
18275
18278
18292
18296
18300
18303
18320
18323
18327
18329
18343
18344
18347
18351
18352
18354
18360
18361
18366
18368
18376
18377
18378
18386
18387
18388
18390
18399
18403
18406
18408
18410
18411
18412
18421
18425
18426
18430
18433
18445
18455
18460
18467
18469
18470
18477
18480
18487
18490
18496
18497
18505
18515
18519
18520
18530
18534
18535
18543
18551
18553
18562
18574
18578
18579
18589
18591
18593
18597
18598
18604
18609
18612
18614
18615
18616
18630
18632
18634
18636
18637
18642
18643
18651
18655
18661
18664
18666
18669
18674
18676
18682
18684
18685
18691
18692
18696
18697
18703
18707
18709
18713
18714
18723
18725
18729
18730
18734
18738
18745
18761
18764
18766
18774
18775
18779
18793
18794
18805
18807
18808
18810
18813
18815
18818
18819
18832
18833
18842
18849
18856
18859
18876
18878
18884
18886
18892
18900
18908
18914
18916
18920
18921
18926
18928
18931
18939
18948
18949
18950
18955
18956
18960
18962
18977
18983
18994
18998
19004
19013
19024
19026
19027
19035
19037
19042
19051
19053
19054
19055
19057
19058
19062
19068
19069
19074
19076
19081
19082
19083
19090
19091
19103
19104
19107
19112
19123
19124
19126
19127
19134
19138
19152
19163
19167
19169
19170
19173
19175
19180
19181
19183
19189
19190
19205
19207
19208
19212
19215
19224
19229
19235
19260
19262
19265
19266
19267
19273
19279
19287
19290
19291
19295
19296
19307
19319
19337
19339
19343
19346
19351
19354
19360
19368
19375
19378
19394
19396
19398
19401
19418
19421
19424
19425
19427
19430
19439
19443
19445
19449
19450
19451
19470
19478
19483
19485
19492
19497
19501
19510
19514
19518
19519
19530
19533
19538
19540
19542
19543
19552
19553
19559
19569
19570
19584
19590
19602
19612
19620
19623
19630
19631
19633
19641
19651
19654
19665
19676
19677
19691
19693
19694
19705
19707
19708
19714
19715
19716
19721
19724
19725
19728
19737
19743
19745
19760
19762
19765
19771
19772
19782
19790
19793
19796
19798
19804
19814
19817
19818
19822
19825
19826
19828
19829
19838
19871
19872
19877
19880
19884
19888
19892
19899
19907
19912
19915
19916
19920
19922
19926
19937
19943
19951
19956
19962
19968
19972
19981
19982
19989
19991
19993
19995
20003
20004
20017
20023
20025
20036
20044
20050
20055
20056
20062
20063
20069
20073
20079
20081
20091
20096
20097
20104
20108
20109
20122
20124
20125
20130
20134
20136
20140
20141
20142
20147
20155
20158
20159
20160
20164
20168
20169
20173
20177
20183
20196
20206
20210
20214
20222
20227
20228
20230
20240
20245
20255
20259
20269
20271
20274
20289
20290
20293
20303
20304
20321
20328
20332
20336
20340
20345
20347
20350
20355
20359
20361
20387
20390
20403
20405
20415
20417
20418
20421
20432
20435
20454
20474
20482
20483
20484
20489
20499
20500
20505
20508
20511
20518
20524
20533
20538
20539
20554
20557
20566
20570
20573
20586
20598
20605
20608
20609
20614
20615
20620
20622
20637
20644
20648
20656
20672
20675
20679
20681
20688
20689
20693
20705
20706
20713
20716
20729
20734
20737
20743
20758
20764
20768
20781
20783
20785
20787
20794
20795
20800
20801
20803
20806
20812
20828
20830
20836
20837
20846
20847
20848
20854
20860
20863
20866
20871
20873
20874
20877
20886
20895
20897
20908
20910
20916
20929
20935
20951
20954
20955
20959
20967
20990
20993
21004
21008
21009
21010
21012
21015
21034
21037
21046
21058
21061
21072
21074
21076
21077
21080
21088
21097
21098
21107
21110
21115
21116
21119
21124
21126
21134
21136
21139
21147
21149
21160
21162
21170
21178
21186
21200
21203
21204
21211
21234
21238
21245
21246
21249
21253
21256
21262
21263
21265
21270
21271
21282
21286
21288
21300
21307
21316
21318
21321
21342
21349
21350
21353
21363
21368
21371
21378
21379
21391
21398
21404
21407
21410
21412
21415
21423
21425
21426
21429
21442
21451
21457
21459
21462
21465
21480
21488
21493
21494
21498
21499
21511
21528
21529
21533
21541
21547
21551
21559
21562
21566
21567
21575
21581
21604
21631
21634
21645
21655
21659
21662
21663
21669
21686
21691
21697
21699
21703
21723
21727
21728
21749
21755
21779
21781
21784
21799
21801
21808
21809
21822
21838
21839
21841
21847
21869
21880
21900
21901
21912
21946
21951
21955
21964
21967
21970
21978
21983
21996
22006
22015
22017
22019
22062
22069
22072
22086
22091
22097
22103
22104
22105
22110
22112
22113
22116
22122
22130
22131
22134
22145
22148
22150
22155
22169
22177
22190
22192
22194
22195
22200
22202
22210
22211
22216
22227
22241
22247
22248
22253
22278
22287
22303
22313
22332
22339
22344
22346
22348
22350
22352
22356
22369
22371
22372
22375
22379
22387
22393
22402
22408
22423
22429
22434
22439
22441
22452
22473
22474
22479
22481
22499
22504
22507
22514
22520
22524
22525
22531
22534
22543
22546
22551
22557
22565
22567
22578
22580
22586
22597
22602
22606
22612
22614
22615
22620
22630
22657
22664
22667
22673
22682
22683
22693
22699
22715
22719
22721
22732
22742
22751
22756
22776
22790
22804
22824
22826
22827
22835
22841
22844
22845
22857
22877
22880
22887
22890
22917
22926
22929
22936
22947
22959
22961
22963
22966
22971
22976
22979
22989
23004
23018
23019
23033
23034
23056
23062
23068
23070
23073
23074
23080
23087
23105
23111
23116
23117
23124
23128
23141
23143
23162
23165
23186
23205
23208
23211
23216
23229
23243
23252
23254
23255
23264
23270
23274
23277
23286
23288
23332
23333
23335
23337
23344
23380
23381
23383
23395
23420
23430
23433
23448
23462
23474
23479
23481
23485
23494
23500
23509
23518
23541
23544
23548
23553
23556
23559
23576
23587
23605
23606
23614
23615
23621
23625
23639
23642
23645
23658
23664
23672
23678
23686
23688
23692
23695
23714
23734
23740
23741
23753
23764
23768
23772
23783
23792
23799
23821
23828
23841
23842
23847
23860
23869
23871
23872
23876
23901
23933
23934
23962
23967
23977
23987
23990
23997
24014
24015
24024
24032
24036
24037
24041
24042
24046
24049
24053
24059
24070
24071
24098
24100
24106
24117
24119
24142
24148
24166
24168
24169
24171
24173
24179
24184
24189
24196
24213
24215
24223
24224
24226
24236
24246
24253
24258
24279
24285
24286
24288
24305
24324
24383
24398
24403
24406
24408
24410
24412
24419
24420
24423
24432
24439
24446
24449
24467
24473
24522
24524
24535
24537
24538
24551
24555
24562
24563
24573
24579
24583
24590
24610
24614
24619
24634
24645
24659
24689
24697
24698
24701
24709
24712
24716
24722
24776
24793
24794
24799
24813
24824
24829
24849
24853
24856
24869
24882
24884
24893
24897
24905
24911
24930
24954
24968
24971
24978
24986
25025
25031
25033
25034
25045
25048
25057
25083
25131
25137
25147
25154
25179
25184
25205
25216
25217
25229
25237
25257
25263
25274
25275
25282
25285
25286
25295
25312
25313
25339
25346
25351
25358
25366
25379
25383
25391
25394
25395
25408
25410
25419
25421
25424
25426
25429
25440
25441
25442
25451
25477
25481
25484
25495
25498
25501
25504
25511
25527
25572
25585
25590
25610
25614
25615
25618
25628
25652
25653
25659
25666
25687
25688
25705
25707
25710
25711
25720
25721
25725
25728
25736
25743
25753
25756
25760
25761
25762
25763
25772
25775
25800
25802
25823
25829
25832
25833
25859
25869
25873
25874
25885
25893
25894
25915
25944
25968
25971
25985
25987
25988
25990
26009
26011
26029
26031
26033
26036
26037
26044
26065
26081
26082
26083
26085
26086
26126
26128
26157
26165
26169
26213
26227
26229
26237
26246
26252
26255
26272
26281
26309
26310
26327
26332
26334
26351
26393
26405
26410
26411
26417
26429
26432
26443
26448
26464
26473
26476
26492
26515
26519
26555
26556
26563
26567
26588
26589
26602
26607
26627
26628
26642
26655
26665
26672
26675
26694
26700
26704
26709
26715
26717
26725
26731
26735
26740
26741
26755
26760
26761
26768
26795
26798
26805
26807
26815
26819
26823
26830
26856
26857
26881
26886
26895
26899
26901
26906
26908
26913
26918
26919
26920
26931
26934
26943
26948
26955
26964
26970
26977
26982
26983
26987
27017
27028
27031
27042
27060
27062
27066
27074
27075
27080
27087
27090
27143
27154
27161
27168
27171
27173
27185
27202
27235
27245
27254
27268
27287
27307
27309
27313
27314
27322
27341
27343
27345
27364
27372
27411
27414
27441
27453
27456
27460
27471
27493
27511
27518
27525
27531
27542
27553
27567
27575
27584
27585
27596
27599
27608
27638
27651
27663
27671
27673
27680
27684
27685
27704
27706
27708
27715
27719
27732
27739
27740
27741
27746
27760
27778
27791
27797
27801
27812
27813
27818
27820
27822
27838
27849
27860
27864
27874
27877
27879
27888
27897
27910
27914
27916
27917
27921
27940
27945
27946
27949
27954
27958
27962
27966
27967
27976
27987
27997
28000
28001
28003
28008
28015
28025
28027
28033
28040
28041
28047
28059
28060
28065
28084
28085
28089
28102
28104
28112
28121
28126
28133
28151
28156
28157
28163
28167
28168
28170
28193
28196
28217
28220
28241
28246
28247
28251
28252
28256
28264
28267
28274
28284
28303
28304
28305
28319
28321
28324
28330
28332
28343
28358
28361
28364
28377
28383
28384
28389
28390
28392
28395
28416
28422
28429
28431
28441
28457
28460
28466
28480
28496
28499
28510
28512
28522
28532
28554
28556
28569
28574
28591
28595
28597
28603
28608
28616
28618
28623
28636
28651
28657
28663
28671
28674
28685
28692
28696
28701
28714
28726
28728
28737
28744
28749
28756
28758
28763
28770
28771
28776
28791
28794
28814
28815
28819
28821
28838
28839
28845
28848
28861
28864
28867
28873
28883
28884
28889
28891
28894
28896
28905
28910
28919
28929
28941
28964
28976
28982
28984
28997
28999
29001
29005
29006
29011
29017
29018
29019
29026
29030
29035
29044
29062
29075
29078
29085
29104
29105
29113
29120
29121
29133
29135
29140
29143
29149
29150
29151
29154
29162
29163
29177
29180
29188
29194
29204
29212
29213
29223
29248
29249
29250
29256
29259
29266
29269
29270
29272
29276
29283
29284
29290
29293
29294
29300
29309
29320
29334
29338
29339
29343
29345
29348
29349
29350
29357
29367
29369
29374
29376
29380
29393
29400
29404
29411
29415
29430
29433
29437
29441
29444
29456
29468
29499
29509
29510
29516
29518
29542
29568
29577
29583
29604
29606
29618
29624
29627
29628
29631
29633
29641
29649
29658
29659
29660
29662
29675
29679
29695
29698
29704
29707
29710
29711
29716
29718
29720
29721
29737
29739
29741
29750
29774
29775
29777
29779
29782
29789
29790
29791
29793
29795
29799
29800
29803
29805
29815
29817
29819
29828
29830
29840
29846
29867
29871
29879
29880
29881
29892
29893
29897
29900
29902
29914
29915
29921
29936
29937
29940
29943
29949
29962
29964
29968
29971
29981
29986
29989
29990
30002
30008
30011
30012
30016
30018
30027
30030
30031
30042
30047
30054
30058
30059
30060
30071
30072
30078
30081
30082
30086
30088
30097
30131
30132
30139
30145
30149
30154
30169
30171
30178
30184
30186
30192
30200
30201
30213
30217
30227
30228
30230
30239
30244
30252
30261
30265
30282
30284
30291
30293
30296
30297
30300
30309
30311
30313
30315
30316
30321
30324
30330
30335
30337
30341
30342
30348
30351
30357
30365
30378
30382
30385
30405
30417
30418
30424
30425
30427
30430
30433
30435
30440
30456
30457
30462
30474
30486
30488
30489
30501
30510
30512
30513
30518
30522
30525
30535
30539
30563
30566
30583
30595
30604
30619
30621
30632
30635
30650
30659
30661
30670
30671
30677
30686
30694
30699
30707
30708
30709
30716
30718
30719
30730
30733
30741
30751
30752
30758
30763
30765
30768
30770
30777
30795
30796
30807
30813
30817
30827
30833
30835
30839
30840
30841
30842
30844
30846
30848
30859
30867
30882
30897
30900
30904
30923
30930
30931
30932
30943
30949
30952
30961
30965
30966
30969
30986
31002
31016
31022
31027
31047
31048
31053
31054
31058
31061
31070
31079
31080
31083
31085
31089
31091
31105
31108
31124
31130
31140
31147
31156
31157
31159
31163
31167
31177
31183
31185
31186
31198
31211
31215
31235
31237
31240
31250
31253
31267
31271
31272
31275
31278
31280
31306
31307
31315
31322
31334
31335
31347
31348
31354
31371
31374
31380
31382
31385
31393
31399
31400
31402
31410
31413
31416
31418
31439
31444
31451
31452
31459
31460
31463
31465
31468
31478
31481
31482
31488
31493
31498
31502
31505
31511
31514
31515
31519
31522
31525
31535
31550
31552
31555
31562
31567
31568
31570
31574
31575
31576
31583
31590
31596
31619
31621
31623
31629
31631
31632
31636
31639
31641
31648
31653
31654
31656
31663
31667
31672
31684
31686
31691
31696
31699
31704
31730
31731
31740
31742
31743
31762
31766
31776
31777
31786
31788
31791
31793
31795
31818
31819
31823
31827
31834
31837
31838
31849
31868
31872
31882
31893
31900
31917
31924
31928
31933
31961
31962
31966
31969
31977
31980
31981
31985
32000
32001
32005
32010
32015
32016
32018
32021
32022
32023
32024
32038
32041
32044
32045
32048
32051
32052
32053
32056
32058
32059
32065
32069
32070
32073
32079
32086
32093
32104
32107
32111
32114
32121
32122
32124
32127
32129
32134
32135
32149
32155
32156
32159
32167
32168
32177
32183
32187
32189
32194
32199
32203
32209
32214
32218
32220
32225
32226
32241
32246
32248
32251
32254
32258
32263
32264
32265
32270
32291
32309
32328
32329
32332
32333
32341
32347
32357
32365
32368
32369
32371
32397
32401
32406
32411
32419
32421
32422
32433
32443
32450
32454
32455
32456
32467
32471
32486
32487
32488
32492
32499
32503
32508
32509
32533
32534
32535
32537
32544
32547
32559
32562
32564
32565
32569
32578
32582
32585
32587
32588
32598
32599
32600
32604
32607
32613
32615
32639
32642
32644
32646
32649
32652
32653
32655
32658
32660
32662
32665
32667
32670
32682
32683
32685
32689
32697
32709
32713
32722
32725
32726
32733
32738
32740
32743
32745
32747
32750
32756
32757
32764
32769
32794
32798
32800
32811
32814
32818
32819
32826
32828
32832
32834
32838
32840
32846
32851
32861
32874
32877
32895
32901
32902
32906
32907
32918
32921
32933
32941
32945
32948
32950
32960
32973
32978
32987
32989
32995
32999
33010
33011
33012
33014
33021
33031
33035
33036
33042
33049
33051
33061
33068
33073
33080
33090
33095
33104
33107
33114
33121
33129
33130
33134
33148
33154
33158
33160
33162
33165
33166
33168
33183
33187
33188
33204
33206
33209
33213
33231
33235
33237
33241
33242
33243
33254
33261
33294
33296
33308
33313
33316
33321
33337
33341
33344
33346
33354
33355
33357
33363
33376
33379
33393
33402
33412
33418
33419
33420
33426
33427
33431
33434
33437
33440
33441
33449
33461
33464
33468
33474
33487
33491
33500
33503
33511
33518
33521
33522
33523
33524
33544
33551
33554
33555
33557
33567
33569
33570
33573
33583
33595
33599
33609
33612
33613
33630
33634
33636
33646
33647
33655
33658
33660
33664
33669
33670
33673
33675
33678
33680
33682
33683
33685
33695
33703
33708
33710
33711
33714
33717
33728
33729
33735
33747
33748
33750
33753
33756
33758
33759
33763
33764
33782
33783
33795
33796
33808
33813
33826
33830
33842
33843
33845
33848
33849
33852
33869
33873
33876
33878
33896
33899
33905
33910
33914
33915
33918
33920
33925
33933
33942
33947
33952
33962
33964
33978
33983
33985
33986
33992
33996
34004
34009
34019
34023
34027
34028
34030
34040
34044
34045
34048
34050
34057
34084
34094
34116
34120
34130
34133
34140
34141
34161
34174
34178
34189
34190
34199
34200
34201
34207
34209
34210
34214
34217
34229
34232
34234
34238
34243
34247
34252
34259
34262
34268
34269
34273
34274
34275
34280
34283
34284
34287
34288
34296
34306
34309
34312
34320
34323
34324
34326
34335
34351
34356
34360
34362
34364
34369
34374
34381
34385
34387
34399
34407
34414
34419
34430
34433
34440
34442
34443
34444
34448
34463
34465
34471
34474
34478
34483
34484
34485
34490
34492
34495
34510
34514
34546
34553
34557
34558
34563
34564
34565
34571
34574
34581
34582
34587
34591
34594
34596
34602
34610
34611
34614
34615
34626
34630
34631
34634
34635
34643
34646
34647
34655
34656
34670
34671
34674
34678
34681
34684
34686
34690
34694
34699
34701
34705
34711
34717
34719
34723
34730
34733
34737
34751
34752
34755
34756
34759
34769
34773
34787
34802
34807
34816
34817
34852
34857
34859
34863
34869
34870
34872
34884
34886
34901
34910
34912
34914
34919
34922
34923
34927
34935
34943
34946
34947
34956
34972
34973
34978
34982
34984
34986
34992
35017
35019
35022
35024
35026
35037
35040
35043
35046
35049
35051
35054
35069
35073
35074
35077
35078
35079
35083
35085
35088
35092
35105
35115
35116
35122
35126
35127
35128
35129
35134
35138
35139
35142
35144
35154
35159
35169
35180
35181
35187
35191
35195
35196
35197
35202
35206
35209
35211
35223
35227
35233
35238
35243
35245
35253
35255
35257
35261
35263
35266
35267
35275
35276
35277
35286
35288
35292
35295
35299
35300
35307
35309
35319
35320
35331
35333
35337
35338
35339
35346
35355
35356
35359
35368
35371
35380
35384
35388
35389
35394
35395
35398
35399
35402
35405
35410
35415
35417
35427
35440
35444
35447
35449
35459
35466
35473
35474
35486
35487
35494
35501
35503
35525
35526
35527
35528
35530
35532
35533
35541
35544
35549
35550
35558
35559
35571
35572
35574
35575
35576
35578
35580
35581
35583
35584
35587
35588
35589
35592
35596
35599
35604
35608
35621
35622
35623
35628
35634
35635
35636
35638
35645
35656
35669
35670
35672
35673
35676
35680
35681
35691
35699
35701
35704
35707
35709
35712
35731
35751
35755
35756
35757
35758
35761
35770
35771
35779
35782
35785
35789
35791
35797
35798
35800
35804
35808
35812
35828
35834
35836
35837
35840
35841
35842
35848
35850
35857
35860
35863
35872
35875
35876
35879
35885
35891
35893
35900
35901
35903
35905
35912
35914
35917
35921
35925
35933
35940
35941
35943
35944
35946
35947
35949
35950
35957
35963
35964
35966
35977
35982
35983
35985
35988
35990
35995
36011
36015
36017
36026
36030
36045
36046
36049
36053
36055
36057
36059
36063
36067
36068
36071
36073
36080
36081
36086
36089
36090
36092
36101
36102
36105
36114
36121
36132
36133
36135
36136
36142
36145
36146
36147
36149
36158
36159
36161
36175
36178
36179
36181
36188
36194
36197
36200
36201
36204
36210
36214
36222
36234
36241
36245
36252
36253
36270
36271
36274
36276
36277
36279
36284
36289
36290
36294
36300
36307
36309
36312
36316
36319
36324
36329
36330
36336
36337
36348
36358
36360
36367
36370
36371
36374
36377
36378
36379
36387
36389
36390
36392
36395
36398
36404
36405
36406
36417
36441
36449
36454
36457
36462
36466
36470
36471
36474
36478
36484
36485
36487
36489
36490
36496
36505
36511
36516
36523
36528
36530
36532
36548
36553
36555
36557
36558
36559
36564
36566
36567
36569
36572
36582
36587
36592
36594
36595
36600
36601
36602
36603
36606
36607
36617
36620
36621
36626
36627
36630
36633
36635
36636
36642
36649
36651
36652
36653
36667
36685
36689
36697
36700
36702
36704
36706
36707
36711
36712
36718
36720
36721
36736
36747
36759
36765
36767
36773
36781
36784
36787
36799
36817
36819
36826
36831
36837
36838
36841
36848
36849
36858
36861
36862
36867
36876
36878
36884
36888
36892
36893
36897
36904
36916
36919
36921
36928
36929
36931
36937
36942
36944
36949
36950
36951
36960
36964
36968
36969
36970
36972
36978
36979
36981
36986
36988
36991
36999
37015
37027
37033
37039
37046
37049
37057
37059
37063
37070
37072
37073
37077
37078
37080
37081
37082
37096
37098
37099
37108
37109
37112
37113
37119
37123
37133
37135
37139
37142
37149
37155
37156
37161
37173
37175
37186
37201
37202
37206
37208
37211
37214
37218
37219
37220
37223
37227
37228
37231
37234
37235
37249
37263
37267
37268
37270
37271
37272
37276
37279
37280
37286
37287
37290
37291
37298
37302
37313
37316
37318
37321
37327
37335
37337
37340
37341
37351
37355
37356
37359
37363
37366
37369
37370
37380
37383
37384
37392
37394
37411
37412
37428
37430
37434
37439
37445
37448
37453
37454
37457
37469
37471
37480
37481
37487
37489
37492
37494
37495
37496
37502
37504
37511
37512
37526
37527
37529
37533
37535
37536
37538
37544
37546
37548
37550
37558
37559
37561
37565
37570
37576
37579
37597
37600
37614
37616
37619
37635
37636
37637
37638
37642
37646
37647
37648
37654
37662
37667
37668
37669
37673
37674
37682
37684
37686
37707
37712
37715
37721
37723
37726
37735
37737
37739
37742
37745
37748
37760
37763
37766
37767
37775
37781
37783
37784
37799
37800
37801
37803
37805
37812
37815
37816
37818
37819
37821
37822
37826
37828
37830
37837
37839
37845
37856
37858
37863
37867
37879
37881
37882
37884
37885
37888
37889
37913
37919
37920
37921
37924
37930
37931
37932
37933
37934
37938
37942
37947
37949
37953
37961
37971
37978
37980
37987
37988
37990
37996
38000
38003
38012
38021
38025
38026
38051
38060
38066
38069
38071
38079
38088
38089
38091
38096
38111
38113
38114
38116
38118
38127
38133
38137
38145
38153
38165
38166
38173
38191
38198
38201
38209
38214
38223
38226
38227
38229
38237
38243
38251
38272
38273
38285
38290
38302
38303
38304
38315
38318
38319
38320
38324
38329
38331
38344
38351
38366
38370
38371
38377
38382
38392
38393
38398
38400
38404
38410
38413
38418
38423
38426
38427
38428
38435
38436
38438
38439
38442
38443
38447
38453
38470
38477
38479
38480
38482
38491
38493
38495
38498
38502
38506
38507
38512
38516
38520
38529
38530
38535
38540
38541
38543
38556
38561
38566
38569
38573
38576
38577
38580
38585
38598
38618
38626
38628
38636
38640
38646
38652
38661
38664
38667
38677
38678
38684
38685
38686
38687
38699
38700
38715
38721
38737
38739
38743
38744
38749
38758
38760
38763
38770
38779
38788
38791
38796
38804
38807
38813
38815
38821
38822
38835
38842
38849
38851
38852
38853
38855
38856
38865
38874
38880
38885
38891
38897
38902
38905
38917
38918
38922
38923
38931
38943
38944
38948
38951
38964
38965
38966
38975
38984
38986
38990
38996
39003
39004
39015
39017
39019
39026
39030
39044
39045
39056
39061
39067
39074
39075
39077
39078
39080
39082
39089
39097
39101
39107
39108
39111
39120
39122
39124
39126
39130
39149
39151
39160
39161
39171
39175
39176
39184
39189
39192
39193
39197
39204
39208
39224
39225
39226
39228
39230
39231
39232
39233
39234
39243
39258
39266
39267
39272
39273
39277
39279
39281
39286
39293
39294
39307
39310
39312
39318
39320
39328
39333
39336
39338
39340
39342
39346
39348
39353
39357
39358
39361
39369
39374
39377
39383
39394
39403
39410
39414
39422
39445
39447
39451
39453
39454
39472
39473
39479
39489
39492
39515
39517
39519
39521
39529
39530
39535
39536
39537
39540
39549
39552
39558
39560
39563
39565
39567
39568
39575
39578
39581
39584
39586
39594
39595
39605
39607
39611
39623
39630
39633
39634
39642
39644
39646
39650
39663
39669
39670
39671
39673
39676
39697
39698
39699
39702
39708
39711
39714
39726
39733
39735
39736
39745
39752
39762
39767
39782
39783
39787
39790
39795
39806
39807
39819
39823
39828
39829
39836
39839
39840
39842
39850
39858
39860
39862
39868
39871
39881
39883
39885
39892
39895
39897
39899
39900
39905
39909
39919
39923
39930
39938
39939
39940
39944
39945
39950
39952
39953
39954
39962
39963
39971
39976
39985
39988
39997
40004
40009
40027
40038
40040
40041
40043
40044
40045
40047
40055
40063
40068
40072
40074
40077
40080
40092
40094
40098
40100
40107
40112
40114
40117
40118
40124
40126
40128
40133
40134
40142
40143
40147
40150
40157
40158
40159
40160
40161
40163
40170
40182
40187
40191
40194
40195
40198
40201
40222
40226
40231
40234
40242
40247
40248
40253
40257
40260
40261
40273
40275
40276
40279
40280
40282
40287
40289
40290
40292
40295
40302
40306
40307
40311
40321
40324
40325
40328
40340
40343
40350
40354
40356
40361
40367
40369
40375
40376
40378
40380
40386
40391
40404
40415
40422
40423
40424
40426
40435
40436
40439
40442
40444
40447
40456
40457
40458
40460
40461
40466
40470
40471
40475
40477
40489
40495
40496
40497
40504
40505
40508
40511
40518
40522
40525
40539
40543
40546
40549
40560
40568
40580
40583
40584
40592
40594
40605
40608
40609
40612
40621
40632
40633
40634
40639
40640
40668
40671
40672
40673
40674
40681
40687
40692
40699
40701
40706
40709
40713
40718
40723
40726
40737
40738
40740
40746
40751
40753
40758
40771
40773
40775
40777
40779
40781
40787
40800
40801
40804
40813
40814
40816
40818
40820
40828
40833
40839
40844
40847
40848
40849
40867
40869
40872
40893
40901
40904
40906
40907
40923
40928
40934
40943
40949
40953
40954
40970
40974
40993
40995
41005
41006
41012
41019
41020
41021
41023
41031
41039
41045
41054
41058
41062
41070
41079
41085
41089
41096
41102
41104
41110
41115
41121
41127
41129
41132
41134
41135
41144
41149
41153
41158
41160
41170
41171
41178
41184
41190
41191
41193
41209
41217
41222
41223
41227
41232
41237
41240
41249
41255
41271
41273
41274
41276
41278
41279
41285
41286
41294
41296
41304
41312
41313
41316
41321
41322
41323
41326
41328
41333
41345
41348
41359
41369
41372
41377
41381
41382
41390
41399
41402
41413
41429
41431
41443
41459
41462
41468
41469
41476
41483
41484
41495
41499
41501
41508
41509
41510
41521
41532
41533
41538
41542
41543
41544
41545
41550
41552
41554
41573
41574
41583
41585
41589
41596
41602
41613
41616
41618
41622
41626
41627
41629
41633
41634
41639
41641
41653
41658
41660
41676
41678
41679
41681
41685
41690
41703
41717
41720
41728
41729
41736
41738
41745
41758
41761
41766
41778
41783
41787
41803
41811
41812
41815
41816
41823
41826
41829
41839
41843
41868
41881
41882
41885
41892
41894
41904
41905
41908
41911
41912
41918
41922
41930
41932
41937
41938
41941
41974
42000
42001
42007
42014
42023
42026
42027
42049
42050
42060
42062
42063
42069
42070
42072
42077
42096
42102
42114
42115
42130
42131
42133
42137
42165
42166
42168
42172
42210
42211
42221
42223
42228
42239
42242
42260
42267
42272
42286
42301
42302
42304
42316
42317
42321
42335
42338
42341
42343
42349
42350
42352
42358
42360
42362
42376
42377
42383
42392
42404
42406
42407
42412
42414
42419
42423
42429
42438
42446
42456
42467
42469
42472
42480
42493
42494
42510
42514
42518
42523
42527
42540
42542
42543
42546
42549
42557
42559
42564
42566
42587
42589
42593
42596
42597
42602
42615
42617
42627
42629
42631
42644
42654
42675
42678
42679
42691
42697
42701
42707
42709
42722
42723
42725
42732
42746
42755
42757
42760
42765
42782
42792
42796
42806
42811
42814
42817
42824
42834
42840
42841
42861
42883
42885
42886
42889
42895
42896
42903
42905
42906
42919
42923
42924
42930
42936
42949
42955
42964
42971
42979
42981
42982
42987
42992
42997
43008
43014
43019
43021
43022
43029
43036
43043
43048
43050
43051
43055
43056
43066
43079
43085
43089
43094
43098
43104
43130
43135
43138
43139
43143
43152
43153
43169
43170
43176
43178
43179
43180
43188
43199
43202
43203
43214
43215
43216
43218
43222
43224
43232
43233
43235
43236
43242
43253
43258
43267
43268
43272
43275
43290
43299
43300
43304
43305
43318
43334
43335
43339
43341
43346
43349
43352
43360
43364
43365
43366
43367
43381
43384
43398
43416
43426
43437
43438
43443
43444
43464
43466
43467
43468
43483
43512
43520
43537
43544
43550
43560
43568
43587
43588
43589
43591
43592
43595
43596
43600
43606
43608
43610
43614
43626
43633
43643
43653
43655
43663
43664
43685
43698
43709
43710
43717
43724
43746
43748
43750
43751
43760
43762
43764
43765
43768
43775
43781
43796
43798
43801
43805
43817
43822
43833
43838
43842
43848
43854
43859
43865
43866
43869
43871
43877
43885
43889
43895
43896
43904
43913
43919
43929
43935
43952
43956
43957
43964
43972
43973
43975
43983
43993
44002
44009
44014
44016
44017
44018
44021
44031
44036
44051
44053
44059
44068
44069
44071
44078
44089
44091
44097
44098
44099
44100
44103
44125
44140
44147
44160
44167
44175
44179
44218
44222
44226
44233
44243
44250
44253
44254
44262
44265
44266
44275
44282
44285
44288
44289
44301
44304
44320
44323
44324
44326
44330
44341
44342
44344
44345
44349
44356
44360
44361
44365
44371
44383
44387
44388
44393
44400
44401
44406
44421
44427
44430
44446
44451
44452
44471
44473
44477
44478
44484
44489
44491
44502
44508
44509
44514
44515
44522
44525
44532
44539
44540
44541
44557
44561
44564
44569
44597
44599
44613
44614
44618
44620
44621
44632
44635
44638
44648
44654
44665
44668
44670
44683
44692
44693
44697
44700
44705
44707
44708
44709
44714
44716
44726
44731
44739
44740
44753
44755
44757
44762
44768
44772
44789
44798
44809
44811
44823
44825
44841
44848
44857
44860
44864
44865
44873
44882
44895
44899
44903
44905
44912
44917
44918
44932
44957
44968
44971
44991
44995
45000
45005
45009
45014
45022
45023
45030
45046
45060
45070
45073
45078
45080
45093
45101
45107
45109
45122
45131
45154
45160
45163
45164
45167
45172
45173
45174
45177
45187
45197
45199
45204
45205
45231
45238
45241
45247
45249
45252
45256
45258
45281
45304
45311
45312
45332
45340
45348
45361
45362
45368
45398
45404
45414
45423
45435
45437
45446
45453
45457
45472
45481
45482
45485
45490
45510
45539
45540
45541
45543
45552
45563
45567
45570
45573
45574
45588
45603
45634
45642
45646
45651
45656
45666
45681
45686
45691
45700
45702
45711
45718
45723
45735
45737
45740
45742
45753
45777
45791
45792
45795
45806
45826
45829
45839
45847
45864
45870
45876
45905
45907
45914
45932
45935
45938
45943
45962
45969
45975
45981
45993
46007
46018
46020
46034
46043
46047
46052
46053
46069
46083
46087
46090
46101
46104
46118
46119
46120
46129
46135
46141
46151
46157
46168
46177
46188
46194
46200
46203
46204
46206
46207
46209
46210
46211
46212
46224
46229
46247
46248
46254
46255
46257
46271
46277
46279
46283
46290
46316
46318
46325
46351
46365
46369
46372
46382
46384
46385
46391
46394
46397
46405
46413
46414
46427
46432
46441
46472
46476
46480
46501
46504
46508
46519
46538
46540
46545
46546
46551
46552
46553
46555
46578
46583
46604
46607
46618
46655
46678
46691
46702
46704
46724
46725
46736
46743
46745
46756
46758
46765
46769
46777
46780
46781
46783
46787
46794
46822
46823
46842
46865
46869
46879
46880
46883
46892
46894
46899
46913
46914
46917
46953
46955
46957
46962
46981
46988
46998
46999
47013
47028
47051
47052
47055
47058
47079
47110
47126
47135
47136
47151
47166
47179
47181
47195
47209
47215
47218
47228
47229
47233
47235
47248
47257
47273
47290
47291
47292
47300
47311
47316
47332
47335
47338
47343
47356
47371
47389
47392
47398
47407
47414
47426
47436
47453
47477
47478
47493
47496
47502
47509
47516
47519
47524
47526
47528
47536
47545
47557
47558
47562
47572
47580
47587
47593
47597
47601
47605
47640
47647
47664
47684
47686
47700
47701
47739
47759
47776
47796
47798
47808
47818
47827
47835
47838
47840
47850
47859
47866
47888
47890
47905
47923
47944
47945
47946
47953
47965
47969
47976
47979
47993
47994
47995
48010
48012
48016
48023
48035
48061
48081
48082
48086
48088
48096
48101
48116
48119
48121
48124
48130
48140
48162
48172
48183
48200
48203
48221
48231
48233
48235
48242
48253
48255
48259
48272
48279
48282
48288
48294
48320
48321
48328
48342
48350
48359
48365
48376
48379
48387
48389
48400
48403
48410
48427
48434
48438
48447
48456
48459
48462
48490
48493
48496
48502
48503
48508
48517
48521
48538
48541
48550
48553
48559
48560
48564
48579
48581
48596
48599
48622
48636
48660
48667
48669
48699
48722
48737
48757
48774
48781
48784
48807
48810
48811
48816
48820
48826
48832
48835
48838
48842
48844
48846
48856
48874
48881
48883
48896
48897
48900
48902
48917
48922
48926
48933
48937
48943
48949
48986
48987
48990
48992
49003
49005
49010
49024
49036
49037
49038
49042
49069
49088
49090
49094
49100
49111
49114
49128
49135
49149
49166
49192
49206
49219
49222
49231
49269
49280
49282
49285
49293
49299
49306
49316
49344
49357
49360
49361
49363
49365
49370
49377
49379
49381
49386
49401
49413
49424
49428
49431
49460
49534
49541
49552
49561
49570
49588
49599
49601
49628
49633
49643
49661
49671
49680
49697
49699
49706
49719
49726
49741
49765
49774
49788
49790
49805
49816
49819
49840
49849
49852
49866
49873
49879
49884
49890
49896
49931
49932
49956
49958
49963
49966
49974
49990
49992
50010
50013
50022
50030
50035
50042
50082
50083
50084
50106
50108
50118
50140
50148
50163
50174
50175
50180
50209
50211
50212
50229
50272
50292
50295
50296
50323
50350
50376
50387
50402
50405
50412
50423
50426
50432
50461
50480
50488
50495
50499
50508
50510
50519
50527
50542
50545
50555
50561
50562
50594
50598
50628
50643
50667
50674
50675
50684
50689
50693
50698
50706
50724
50728
50732
50735
50736
50742
50751
50768
50787
50840
50849
50853
50876
50879
50914
50935
50946
50962
50970
50986
51047
51048
51057
51061
51073
51077
51078
51087
51107
51108
51120
51145
51146
51147
51151
51160
51162
51167
51181
51188
51189
51208
51226
51227
51235
51249
51254
51257
51263
51264
51266
51273
51286
51288
51289
51322
51329
51348
51364
51401
51402
51404
51415
51421
51438
51440
51441
51445
51463
51465
51469
51473
51491
51494
51518
51519
51527
51539
51554
51568
51581
51583
51614
51628
51632
51645
51659
51677
51685
51688
51696
51719
51735
51741
51759
51777
51793
51819
51822
51828
51835
51848
51849
51870
51872
51879
51880
51905
51914
51920
51929
51954
51955
51965
51982
51985
51989
51993
52009
52016
52017
52018
52034
52048
52059
52072
52079
52093
52100
52118
52128
52129
52131
52133
52162
52179
52185
52195
52209
52225
52235
52248
52251
52286
52287
52304
52316
52335
52337
52340
52353
52354
52357
52371
52392
52407
52411
52421
52461
52463
52482
52502
52508
52521
52536
52574
52576
52589
52590
52619
52654
52656
52657
52666
52667
52675
52679
52697
52709
52714
52717
52743
52754
52759
52773
52794
52795
52804
52810
52813
52817
52830
52847
52853
52857
52872
52878
52884
52891
52901
52915
52935
52939
52943
52947
52950
52957
52960
52963
52965
52989
53014
53017
53023
53045
53049
53058
53063
53076
53079
53084
53095
53107
53108
53117
53136
53144
53162
53184
53192
53194
53196
53198
53201
53208
53209
53219
53220
53225
53228
53229
53238
53244
53266
53273
53290
53295
53298
53307
53308
53312
53317
53324
53325
53328
53334
53338
53339
53343
53345
53347
53348
53361
53364
53369
53372
53375
53378
53383
53390
53391
53392
53393
53395
53406
53407
53413
53415
53420
53424
53429
53453
53460
53465
53468
53470
53481
53530
53539
53550
53562
53563
53581
53590
53610
53630
53634
53658
53666
53680
53692
53701
53703
53706
53709
53713
53714
53716
53722
53748
53752
53754
53755
53767
53789
53793
53796
53802
53807
53826
53841
53845
53846
53864
53867
53877
53878
53888
53911
53912
53923
53929
53931
53932
53979
53981
53989
53994
53995
53996
53999
54009
54014
54016
54022
54034
54050
54056
54057
54072
54077
54095
54104
54134
54142
54151
54178
54183
54186
54190
54192
54193
54200
54216
54217
54228
54242
54255
54257
54273
54279
54281
54297
54299
54316
54328
54339
54344
54356
54358
54373
54374
54380
54387
54394
54403
54411
54412
54418
54421
54425
54428
54447
54450
54458
54460
54462
54463
54464
54467
54478
54482
54484
54494
54509
54511
54519
54520
54526
54544
54546
54557
54566
54573
54574
54579
54587
54596
54599
54607
54613
54637
54638
54643
54649
54655
54657
54660
54663
54677
54686
54692
54698
54701
54704
54705
54707
54725
54743
54753
54755
54760
54764
54774
54782
54785
54787
54816
54819
54822
54825
54833
54834
54835
54851
54855
54861
54865
54891
54897
54903
54937
54940
54964
54970
54976
54977
54981
54982
54984
55012
55046
55054
55055
55059
55075
55077
55078
55084
55091
55111
55116
55117
55119
55124
55128
55131
55138
55140
55165
55170
55174
55191
55203
55211
55228
55229
55232
55233
55236
55262
55274
55277
55279
55282
55295
55304
55308
55313
55325
55333
55337
55340
55346
55366
55369
55370
55372
55374
55380
55383
55384
55395
55419
55429
55436
55439
55444
55462
55486
55488
55499
55501
55518
55519
55522
55526
55532
55536
55539
55542
55555
55565
55566
55567
55570
55571
55573
55590
55591
55594
55597
55598
55601
55606
55607
55614
55618
55626
55642
55646
55647
55654
55665
55680
55686
55696
55699
55701
55705
55710
55721
55724
55737
55755
55757
55763
55766
55767
55786
55789
55792
55794
55812
55815
55816
55818
55826
55832
55854
55871
55876
55878
55888
55889
55904
55911
55928
55961
55974
55979
55991
56006
56008
56011
56027
56034
56038
56052
56070
56088
56096
56107
56111
56117
56118
56120
56125
56141
56151
56156
56158
56163
56164
56174
56182
56189
56212
56213
56220
56229
56236
56248
56266
56270
56275
56299
56304
56310
56319
56321
56324
56325
56334
56342
56343
56348
56355
56363
56367
56371
56382
56399
56402
56411
56414
56422
56429
56431
56434
56436
56444
56452
56463
56469
56470
56481
56483
56491
56493
56499
56533
56536
56540
56546
56555
56559
56562
56565
56567
56568
56573
56579
56588
56590
56606
56608
56612
56614
56627
56637
56642
56652
56663
56667
56677
56695
56696
56700
56701
56717
56721
56722
56732
56739
56752
56762
56772
56786
56789
56798
56799
56801
56808
56839
56841
56862
56879
56898
56902
56905
56918
56928
56936
56954
56960
57010
57019
57020
57030
57035
57037
57053
57054
57059
57060
57067
57069
57072
57074
57076
57077
57081
57083
57089
57091
57101
57102
57135
57142
57144
57147
57159
57161
57162
57165
57171
57178
57187
57202
57218
57223
57233
57244
57266
57288
57293
57299
57303
57304
57313
57321
57325
57332
57335
57336
57337
57343
57350
57362
57370
57396
57398
57404
57418
57423
57431
57439
57451
57454
57459
57466
57467
57471
57474
57475
57484
57491
57520
57528
57546
57549
57554
57556
57563
57566
57567
57570
57585
57598
57603
57607
57615
57616
57630
57637
57647
57648
57652
57657
57662
57672
57674
57676
57681
57688
57691
57700
57710
57717
57721
57724
57733
57734
57740
57742
57750
57753
57756
57761
57763
57768
57770
57773
57781
57788
57791
57793
57803
57828
57829
57834
57844
57862
57867
57875
57880
57883
57887
57907
57910
57937
57938
57943
57949
57983
57995
57996
58002
58009
58010
58013
58019
58036
58055
58057
58061
58073
58075
58076
58083
58091
58092
58097
58099
58113
58115
58121
58127
58145
58148
58154
58159
58171
58184
58208
58209
58210
58215
58231
58240
58241
58249
58252
58258
58260
58263
58280
58298
58300
58341
58348
58354
58364
58371
58373
58374
58384
58406
58412
58429
58442
58448
58453
58457
58463
58471
58489
58490
58522
58531
58565
58566
58574
58577
58579
58585
58591
58592
58595
58613
58633
58636
58641
58646
58679
58680
58682
58683
58697
58698
58714
58715
58716
58718
58726
58728
58731
58748
58761
58771
58776
58780
58786
58788
58789
58793
58797
58804
58816
58818
58824
58827
58836
58841
58842
58845
58847
58854
58867
58871
58872
58879
58901
58902
58924
58940
58943
58945
58948
58972
58973
58975
58982
58988
58996
59002
59010
59016
59031
59039
59052
59059
59063
59079
59089
59091
59096
59105
59109
59113
59126
59167
59175
59176
59178
59184
59186
59190
59201
59208
59210
59225
59246
59247
59248
59256
59258
59264
59265
59268
59270
59278
59285
59292
59300
59306
59318
59322
59325
59346
59348
59351
59356
59383
59409
59431
59434
59438
59440
59448
59451
59464
59467
59483
59489
59512
59513
59515
59518
59519
59521
59524
59527
59537
59554
59557
59575
59576
59580
59583
59585
59586
59596
59606
59626
59638
59642
59649
59679
59681
59688
59689
59706
59708
59723
59724
59727
59732
59737
59751
59761
59762
59767
59770
59775
59778
59789
59790
59792
59797
59799
59800
59811
59814
59815
59822
59824
59825
59831
59835
59837
59839
59840
59851
59856
59871
59877
59880
59882
59896
59897
59906
59909
59910
59912
59918
59922
59924
59928
59934
59943
59946
59948
59951
59954
59967
59975
59982
59993
59994
59996
60001
60002
60004
60025
60031
60035
60038
60046
60058
60068
60075
60076
60077
60086
60087
60103
60113
60117
60118
60128
60137
60142
60151
60160
60172
60175
60188
60191
60197
60203
60207
60211
60214
60216
60250
60256
60257
60258
60265
60284
60287
60290
60304
60309
60314
60329
60330
60343
60352
60360
60380
60382
60399
60408
60409
60417
60437
60443
60453
60459
60460
60463
60467
60472
60475
60480
60497
60499
60505
60510
60516
60518
60519
60529
60533
60537
60557
60568
60599
60602
60603
60610
60612
60613
60614
60617
60622
60632
60640
60650
60651
60660
60668
60673
60674
60680
60695
60699
60711
60713
60714
60720
60729
60740
60742
60745
60747
60750
60754
60774
60776
60778
60789
60793
60798
60818
60819
60822
60833
60853
60854
60855
60857
60858
60862
60866
60876
60882
60885
60890
60899
60903
60904
60910
60913
60924
60933
60941
60946
60965
61002
61015
61029
61032
61042
61045
61048
61049
61055
61057
61062
61068
61081
61088
61089
61092
61097
61099
61111
61120
61127
61153
61160
61162
61163
61171
61174
61176
61181
61188
61193
61194
61201
61207
61211
61215
61221
61224
61231
61232
61236
61237
61253
61266
61272
61289
61306
61309
61310
61314
61316
61327
61333
61340
61346
61351
61357
61358
61363
61377
61380
61381
61382
61391
61396
61397
61401
61402
61405
61412
61413
61417
61418
61424
61431
61432
61435
61440
61444
61448
61451
61461
61470
61472
61474
61478
61479
61482
61490
61494
61504
61513
61517
61536
61539
61558
61563
61569
61573
61574
61584
61587
61593
61598
61600
61601
61606
61607
61615
61616
61625
61628
61629
61630
61639
61645
61663
61665
61668
61676
61677
61678
61679
61684
61689
61692
61709
61721
61724
61733
61745
61759
61760
61770
61773
61779
61781
61785
61797
61807
61808
61810
61818
61819
61826
61828
61834
61842
61847
61850
61853
61856
61866
61867
61874
61878
61881
61893
61899
61903
61919
61928
61930
61937
61940
61941
61943
61945
61955
61958
61969
61974
61980
61984
61986
61988
61990
61991
61992
61997
61998
62001
62006
62010
62020
62032
62050
62052
62054
62067
62077
62078
62080
62083
62088
62089
62094
62098
62100
62108
62110
62113
62114
62115
62128
62133
62135
62136
62144
62154
62163
62164
62172
62181
62184
62185
62187
62188
62196
62198
62201
62206
62210
62217
62218
62219
62232
62235
62252
62254
62258
62260
62261
62264
62266
62268
62271
62274
62276
62283
62295
62305
62309
62310
62317
62318
62325
62334
62336
62339
62351
62352
62353
62370
62375
62390
62399
62400
62405
62408
62409
62420
62422
62424
62428
62433
62435
62436
62439
62456
62457
62459
62462
62464
62468
62473
62478
62479
62492
62499
62500
62504
62516
62520
62531
62534
62540
62546
62550
62553
62555
62558
62562
62567
62570
62584
62609
62616
62621
62624
62626
62638
62641
62642
62652
62655
62658
62659
62665
62668
62679
62681
62683
62692
62695
62696
62700
62704
62706
62709
62710
62714
62715
62716
62717
62720
62723
62727
62731
62734
62736
62741
62752
62759
62762
62766
62771
62781
62784
62787
62798
62814
62817
62819
62836
62841
62842
62845
62849
62850
62851
62864
62865
62868
62870
62882
62883
62885
62886
62887
62890
62893
62906
62913
62915
62923
62932
62938
62939
62943
62957
62969
62975
62980
62981
62982
62991
63010
63011
63013
63016
63020
63023
63026
63027
63038
63040
63047
63051
63057
63067
63069
63084
63088
63089
63090
63091
63096
63099
63101
63105
63106
63111
63112
63117
63123
63124
63143
63154
63157
63163
63166
63167
63168
63169
63180
63181
63182
63188
63201
63202
63208
63216
63220
63233
63234
63236
63242
63243
63258
63262
63264
63269
63270
63278
63282
63284
63288
63290
63302
63310
63319
63323
63328
63329
63340
63342
63344
63346
63349
63352
63355
63357
63371
63378
63387
63395
63403
63408
63412
63428
63429
63449
63453
63455
63459
63461
63467
63476
63477
63478
63480
63482
63490
63501
63504
63507
63515
63521
63530
63533
63534
63539
63546
63547
63555
63556
63562
63584
63587
63610
63615
63619
63625
63639
63642
63647
63652
63653
63656
63657
63661
63663
63665
63678
63688
63693
63694
63705
63707
63716
63718
63721
63724
63727
63730
63731
63733
63738
63740
63741
63743
63744
63754
63756
63760
63767
63769
63771
63774
63776
63780
63782
63785
63789
63793
63795
63801
63813
63817
63824
63834
63836
63837
63839
63841
63842
63846
63856
63883
63891
63894
63904
63905
63911
63922
63923
63924
63925
63933
63938
63950
63956
63958
63960
63972
63976
63982
63984
63988
63989
63991
63992
63993
63996
64001
64005
64009
64026
64035
64039
64051
64056
64063
64066
64083
64086
64088
64090
64096
64102
64104
64110
64113
64115
64117
64123
64133
64134
64136
64138
64139
64150
64152
64156
64159
64187
64197
64199
64201
64202
64205
64214
64216
64219
64252
64256
64258
64269
64272
64275
64281
64284
64287
64294
64297
64302
64312
64319
64324
64332
64335
64339
64343
64355
64357
64361
64363
64364
64365
64373
64375
64376
64377
64378
64379
64381
64384
64387
64398
64402
64404
64412
64421
64422
64430
64433
64436
64450
64453
64458
64465
64466
64468
64469
64472
64476
64482
64487
64488
64490
64495
64499
64501
64504
64506
64508
64512
64523
64527
64534
64535
64539
64541
64544
64549
64561
64562
64570
64577
64579
64581
64582
64595
64596
64602
64603
64608
64611
64615
64616
64618
64623
64625
64626
64640
64645
64659
64661
64663
64666
64671
64672
64673
64685
64694
64701
64704
64706
64713
64728
64731
64734
64744
64748
64758
64763
64767
64787
64800
64813
64822
64827
64829
64831
64832
64838
64839
64842
64862
64872
64874
64881
64884
64890
64897
64908
64938
64941
64952
64956
64960
64967
64968
64969
64970
64977
64983
64985
64995
64996
64998
65007
65008
65012
65014
65016
65019
65024
65029
65032
65047
65048
65049
65050
65055
65059
65070
65085
65092
65103
65105
65106
65109
65118
65128
65134
65142
65143
65144
65146
65153
65157
65167
65174
65178
65199
65202
65207
65212
65228
65235
65242
65244
65246
65248
65250
65252
65260
65262
65268
65269
65272
65278
65283
65284
65301
65302
65303
65304
65317
65318
65330
65337
65338
65342
65348
65353
65357
65366
65370
65371
65375
65381
65383
65387
65388
65390
65394
65402
65405
65407
65409
65418
65419
65434
65435
65436
65445
65447
65456
65460
65467
65470
65490
65494
65501
65514
65516
65522
65529
65535
65545
65547
65548
65549
65557
65558
65587
65592
65593
65599
65604
65616
65618
65620
65624
65630
65634
65645
65651
65658
65661
65663
65668
65674
65684
65686
65687
65693
65707
65709
65716
65727
65729
65730
65740
65747
65749
65756
65758
65760
65767
65778
65786
65798
65810
65815
65818
65822
65830
65831
65840
65851
65859
65862
65863
65866
65870
65872
65876
65880
65889
65891
65896
65902
65920
65930
65936
65939
65958
65962
65964
65965
65967
65968
65984
65999
66000
66011
66028
66036
66044
66050
66051
66062
66063
66064
66066
66068
66069
66070
66071
66081
66086
66087
66093
66094
66095
66098
66099
66101
66103
66105
66108
66114
66130
66132
66134
66141
66143
66146
66152
66153
66155
66159
66165
66167
66170
66172
66175
66181
66185
66186
66188
66193
66196
66205
66215
66216
66219
66222
66225
66227
66239
66240
66241
66244
66248
66261
66263
66270
66271
66275
66280
66283
66286
66287
66295
66303
66304
66308
66315
66316
66318
66325
66326
66329
66331
66332
66334
66335
66336
66337
66339
66343
66361
66364
66393
66395
66398
66401
66410
66412
66428
66429
66430
66433
66435
66439
66442
66444
66446
66447
66451
66452
66459
66461
66469
66477
66479
66486
66489
66490
66494
66498
66503
66508
66516
66526
66535
66538
66544
66555
66567
66574
66575
66577
66582
66584
66587
66592
66593
66600
66604
66611
66612
66613
66616
66617
66618
66619
66622
66624
66628
66639
66641
66648
66663
66668
66682
66689
66695
66697
66700
66703
66709
66710
66719
66724
66729
66732
66738
66743
66751
66753
66762
66766
66768
66773
66776
66780
66793
66795
66801
66804
66810
66811
66815
66821
66828
66832
66833
66834
66837
66841
66848
66850
66856
66857
66858
66864
66875
66876
66889
66894
66897
66910
66912
66915
66922
66923
66924
66926
66936
66947
66950
66951
66957
66967
66970
66971
66983
66987
66998
66999
67013
67016
67021
67028
67029
67030
67031
67037
67041
67046
67049
67056
67065
67072
67076
67078
67081
67084
67087
67090
67095
67098
67105
67110
67114
67128
67133
67141
67143
67146
67149
67154
67158
67163
67167
67168
67173
67177
67178
67185
67189
67195
67197
67202
67208
67210
67225
67227
67232
67235
67245
67246
67255
67261
67271
67275
67276
67305
67310
67317
67318
67325
67337
67338
67342
67343
67344
67352
67356
67359
67362
67364
67371
67374
67379
67381
67386
67387
67390
67391
67392
67398
67401
67405
67411
67414
67417
67418
67421
67425
67431
67433
67434
67438
67439
67443
67445
67455
67456
67458
67463
67464
67469
67475
67480
67481
67483
67485
67492
67501
67503
67509
67511
67521
67527
67529
67544
67545
67552
67559
67560
67561
67568
67571
67595
67597
67599
67607
67608
67616
67621
67627
67628
67635
67636
67638
67641
67644
67646
67648
67650
67664
67668
67671
67673
67674
67675
67690
67695
67703
67710
67712
67715
67719
67720
67722
67732
67742
67760
67767
67775
67786
67793
67805
67811
67815
67817
67823
67824
67829
67832
67833
67834
67836
67838
67843
67846
67852
67853
67854
67857
67862
67866
67883
67893
67900
67901
67903
67907
67908
67914
67920
67921
67926
67930
67931
67935
67937
67946
67950
67957
67962
67968
67969
67971
67975
67980
67985
67992
67994
68007
68014
68021
68028
68035
68040
68051
68052
68057
68062
68063
68070
68073
68077
68083
68086
68092
68098
68101
68105
68108
68122
68133
68135
68138
68143
68146
68150
68152
68153
68162
68166
68168
68169
68175
68178
68179
68180
68183
68189
68198
68199
68225
68226
68227
68234
68250
68253
68257
68262
68273
68274
68278
68281
68282
68287
68294
68295
68300
68304
68310
68311
68314
68317
68322
68327
68329
68333
68335
68336
68338
68341
68357
68368
68369
68370
68377
68378
68380
68387
68389
68394
68398
68404
68406
68409
68413
68419
68421
68422
68423
68424
68432
68438
68449
68451
68452
68481
68485
68487
68488
68489
68501
68506
68508
68516
68519
68525
68530
68541
68543
68546
68552
68559
68560
68571
68589
68590
68595
68614
68619
68622
68624
68626
68627
68629
68636
68637
68641
68645
68651
68654
68657
68658
68659
68661
68669
68675
68677
68686
68688
68691
68696
68700
68702
68704
68712
68713
68714
68723
68724
68734
68737
68738
68741
68747
68753
68766
68770
68772
68776
68779
68784
68788
68792
68795
68798
68800
68802
68804
68805
68813
68814
68815
68816
68820
68821
68825
68829
68834
68835
68838
68844
68848
68853
68855
68856
68858
68862
68869
68870
68874
68884
68888
68895
68899
68900
68903
68904
68908
68909
68918
68924
68930
68931
68934
68941
68943
68945
68947
68949
68959
68961
68962
68963
68971
68972
68980
68985
68988
68993
69007
69017
69024
69032
69033
69034
69036
69039
69047
69064
69065
69066
69068
69069
69077
69085
69086
69091
69094
69105
69107
69116
69117
69128
69129
69130
69139
69144
69153
69154
69159
69187
69188
69190
69191
69194
69200
69208
69209
69211
69214
69218
69222
69223
69231
69234
69237
69242
69244
69251
69260
69264
69270
69280
69287
69288
69292
69304
69307
69324
69336
69337
69338
69345
69346
69352
69363
69364
69369
69373
69377
69379
69380
69382
69403
69410
69428
69430
69433
69435
69438
69448
69460
69465
69467
69470
69478
69480
69485
69488
69489
69490
69499
69500
69501
69505
69514
69518
69519
69532
69541
69544
69555
69562
69566
69588
69592
69593
69598
69601
69604
69605
69610
69622
69624
69627
69636
69640
69641
69656
69662
69666
69672
69678
69680
69681
69687
69709
69711
69714
69717
69720
69722
69732
69735
69744
69751
69753
69759
69760
69761
69767
69773
69789
69792
69797
69808
69810
69817
69821
69826
69827
69828
69833
69834
69835
69839
69846
69847
69858
69864
69866
69873
69876
69893
69896
69899
69900
69903
69914
69915
69917
69919
69921
69922
69924
69925
69926
69930
69934
69937
69951
69952
69961
69973
69977
69981
69994
70003
70007
70031
70034
70042
70048
70049
70057
70069
70076
70079
70085
70086
70092
70111
70116
70122
70123
70126
70129
70131
70135
70136
70139
70140
70148
70154
70162
70168
70173
70179
70185
70189
70202
70219
70223
70227
70232
70239
70243
70246
70250
70254
70255
70256
70261
70267
70268
70269
70271
70279
70280
70281
70282
70284
70287
70295
70298
70304
70308
70314
70315
70316
70319
70327
70331
70338
70340
70354
70367
70373
70374
70376
70382
70394
70398
70401
70405
70409
70413
70414
70415
70430
70431
70432
70449
70450
70452
70473
70474
70479
70480
70481
70482
70488
70494
70497
70504
70509
70511
70512
70519
70522
70524
70534
70536
70537
70538
70542
70543
70545
70546
70547
70548
70559
70560
70562
70565
70567
70573
70576
70594
70602
70616
70618
70619
70628
70630
70634
70646
70647
70649
70651
70663
70664
70666
70674
70679
70682
70685
70690
70701
70705
70706
70710
70715
70716
70717
70718
70724
70730
70734
70735
70740
70746
70750
70755
70758
70770
70773
70777
70783
70791
70795
70796
70797
70805
70809
70816
70819
70824
70825
70827
70835
70845
70849
70851
70854
70861
70863
70865
70869
70882
70884
70890
70893
70895
70896
70899
70905
70909
70912
70926
70929
70931
70932
70935
70936
70938
70949
70952
70953
70955
70965
70966
70971
70972
70975
70981
70985
70995
71008
71009
71021
71029
71041
71042
71047
71048
71053
71060
71061
71062
71064
71066
71070
71072
71079
71082
71083
71084
71092
71113
71120
71121
71122
71135
71136
71137
71141
71142
71160
71163
71164
71167
71170
71171
71172
71176
71180
71184
71187
71189
71192
71196
71197
71201
71223
71225
71226
71227
71228
71233
71245
71251
71258
71259
71278
71281
71282
71288
71290
71291
71293
71296
71300
71306
71307
71309
71312
71318
71326
71330
71331
71332
71335
71345
71348
71350
71355
71362
71367
71375
71379
71383
71389
71396
71398
71405
71410
71415
71421
71424
71426
71436
71437
71438
71441
71450
71451
71454
71462
71463
71464
71466
71484
71499
71504
71507
71510
71512
71517
71520
71521
71528
71538
71541
71542
71558
71559
71562
71570
71571
71578
71580
71587
71589
71590
71591
71594
71597
71598
71601
71607
71613
71618
71628
71632
71643
71649
71656
71660
71667
71672
71677
71678
71679
71682
71685
71687
71698
71707
71715
71729
71731
71738
71739
71740
71745
71753
71755
71757
71760
71761
71762
71764
71768
71769
71773
71774
71788
71791
71799
71801
71808
71811
71812
71813
71814
71815
71816
71822
71823
71825
71826
71832
71837
71845
71858
71860
71861
71874
71885
71887
71889
71891
71901
71904
71914
71918
71920
71928
71935
71946
71947
71949
71954
71956
71959
71964
71966
71973
71975
71980
71982
71993
71994
71995
72000
72004
72010
72016
72018
72023
72027
72028
72043
72053
72059
72066
72069
72072
72074
72096
72097
72098
72102
72111
72112
72116
72125
72127
72129
72143
72164
72167
72170
72173
72175
72179
72182
72188
72189
72194
72198
72203
72204
72206
72208
72210
72220
72221
72225
72244
72247
72259
72269
72271
72277
72281
72282
72295
72298
72299
72301
72307
72309
72316
72320
72322
72331
72334
72335
72343
72345
72355
72357
72379
72382
72383
72391
72394
72395
72396
72397
72399
72400
72405
72409
72413
72420
72429
72431
72438
72448
72450
72451
72454
72455
72460
72477
72478
72479
72481
72482
72484
72487
72498
72500
72506
72511
72514
72515
72517
72520
72525
72530
72531
72532
72535
72536
72545
72555
72560
72563
72565
72566
72573
72574
72579
72588
72591
72593
72604
72605
72613
72617
72618
72630
72634
72639
72641
72645
72659
72666
72678
72689
72693
72701
72702
72703
72724
72733
72740
72742
72743
72752
72755
72758
72765
72771
72785
72788
72796
72812
72813
72814
72815
72822
72826
72837
72839
72840
72841
72846
72847
72852
72853
72865
72878
72887
72889
72891
72892
72894
72896
72905
72909
72915
72924
72930
72934
72959
72963
72966
72968
72979
72980
72989
72993
72996
73001
73004
73006
73007
73010
73018
73021
73032
73040
73044
73052
73054
73055
73056
73058
73059
73062
73066
73078
73079
73086
73091
73096
73097
73111
73112
73114
73115
73117
73118
73119
73122
73147
73150
73155
73158
73160
73161
73162
73178
73179
73191
73192
73193
73196
73199
73206
73213
73216
73218
73221
73223
73229
73231
73243
73244
73248
73249
73253
73258
73259
73266
73267
73269
73275
73281
73290
73299
73304
73306
73312
73316
73321
73323
73334
73343
73345
73348
73349
73354
73357
73363
73365
73367
73372
73373
73379
73389
73399
73402
73406
73410
73411
73413
73416
73421
73424
73428
73430
73432
73436
73437
73438
73439
73446
73454
73464
73465
73469
73470
73472
73479
73492
73494
73495
73496
73504
73508
73512
73536
73538
73539
73544
73545
73546
73547
73550
73553
73554
73560
73564
73569
73572
73573
73577
73579
73581
73582
73589
73592
73596
73600
73609
73622
73631
73634
73635
73636
73637
73639
73640
73644
73646
73651
73654
73656
73659
73677
73683
73687
73688
73689
73690
73697
73700
73701
73702
73722
73729
73744
73745
73746
73751
73761
73774
73776
73783
73788
73792
73798
73802
73811
73816
73820
73822
73823
73825
73826
73829
73832
73833
73834
73836
73841
73842
73845
73851
73856
73859
73863
73865
73866
73867
73868
73872
73886
73892
73897
73901
73908
73914
73917
73924
73926
73933
73936
73939
73940
73942
73943
73946
73950
73955
73956
73957
73964
73972
73974
73978
73983
73985
73987
73991
73992
73996
73998
74013
74017
74018
74023
74024
74034
74042
74048
74053
74074
74077
74079
74080
74081
74086
74094
74095
74097
74098
74102
74105
74110
74123
74127
74144
74151
74173
74176
74183
74184
74185
74193
74199
74201
74204
74207
74221
74224
74230
74236
74248
74249
74252
74253
74255
74260
74264
74267
74268
74275
74282
74283
74288
74302
74304
74308
74311
74314
74315
74319
74330
74333
74334
74338
74341
74356
74366
74368
74383
74400
74401
74406
74417
74419
74446
74450
74451
74461
74463
74474
74475
74476
74483
74489
74491
74502
74512
74528
74531
74532
74537
74541
74542
74546
74559
74565
74570
74580
74589
74592
74593
74594
74595
74597
74601
74603
74607
74611
74616
74624
74626
74629
74636
74639
74642
74648
74652
74653
74657
74664
74671
74673
74675
74678
74680
74693
74694
74695
74699
74704
74724
74728
74735
74740
74743
74746
74759
74766
74767
74773
74780
74787
74794
74800
74809
74811
74812
74814
74825
74831
74833
74840
74842
74843
74847
74851
74861
74864
74867
74870
74873
74877
74887
74894
74902
74929
74934
74946
74949
74950
74955
74965
74973
74983
74984
74996
75006
75012
75021
75026
75030
75038
75039
75040
75052
75063
75069
75071
75082
75083
75090
75093
75098
75099
75102
75114
75115
75121
75126
75133
75138
75139
75141
75144
75151
75153
75156
75157
75158
75162
75178
75184
75188
75190
75198
75199
75201
75207
75223
75224
75226
75237
75240
75242
75247
75251
75252
75254
75275
75278
75284
75293
75304
75306
75308
75314
75327
75328
75329
75330
75332
75347
75356
75361
75364
75369
75379
75387
75389
75398
75404
75410
75423
75424
75426
75428
75431
75445
75457
75471
75481
75493
75502
75503
75507
75508
75510
75512
75514
75522
75524
75527
75542
75543
75554
75555
75559
75560
75561
75562
75572
75574
75576
75579
75584
75587
75592
75594
75596
75602
75603
75608
75614
75633
75640
75653
75654
75655
75658
75660
75662
75663
75665
75673
75677
75682
75684
75685
75689
75696
75700
75705
75708
75726
75738
75741
75742
75745
75746
75753
75754
75760
75767
75776
75788
75799
75801
75803
75806
75807
75808
75817
75822
75832
75837
75851
75856
75864
75865
75866
75873
75887
75889
75897
75900
75907
75909
75911
75913
75914
75920
75923
75924
75927
75930
75932
75938
75939
75941
75944
75949
75951
75953
75957
75958
75961
75966
75968
75976
75977
75985
75989
75991
75995
76000
76011
76024
76032
76036
76047
76049
76056
76063
76065
76078
76079
76081
76082
76089
76091
76097
76099
76105
76106
76116
76118
76119
76121
76130
76136
76137
76141
76148
76156
76159
76164
76175
76179
76190
76191
76194
76201
76202
76205
76207
76209
76214
76215
76217
76218
76229
76243
76245
76247
76250
76256
76260
76263
76265
76274
76281
76284
76286
76287
76291
76295
76303
76307
76308
76328
76329
76335
76340
76342
76363
76367
76370
76372
76373
76397
76398
76407
76412
76420
76422
76423
76427
76431
76437
76439
76442
76443
76448
76451
76452
76454
76455
76460
76467
76471
76477
76480
76482
76486
76491
76502
76512
76524
76525
76528
76531
76534
76542
76551
76553
76558
76566
76572
76573
76578
76579
76585
76588
76596
76604
76610
76624
76627
76628
76637
76639
76652
76653
76655
76664
76667
76669
76670
76672
76675
76689
76692
76694
76702
76717
76719
76721
76723
76741
76746
76756
76759
76765
76767
76769
76779
76783
76785
76788
76794
76797
76805
76806
76808
76815
76823
76830
76833
76835
76837
76841
76849
76856
76857
76861
76862
76865
76871
76875
76877
76882
76883
76884
76892
76898
76899
76900
76903
76911
76913
76914
76930
76940
76944
76945
76958
76968
76969
76974
76976
76992
76993
76994
77004
77011
77015
77021
77029
77032
77049
77050
77051
77053
77054
77058
77062
77074
77075
77078
77081
77082
77083
77092
77095
77099
77106
77110
77116
77126
77127
77129
77134
77139
77141
77146
77148
77158
77164
77172
77177
77189
77198
77201
77206
77209
77213
77215
77218
77224
77228
77229
77232
77236
77237
77238
77243
77250
77257
77263
77266
77275
77276
77278
77279
77296
77297
77305
77311
77313
77331
77336
77342
77344
77352
77358
77368
77382
77388
77389
77400
77407
77411
77424
77427
77428
77429
77434
77437
77443
77444
77447
77456
77463
77471
77473
77477
77478
77479
77489
77491
77495
77496
77500
77502
77506
77512
77521
77522
77529
77530
77533
77535
77539
77544
77548
77550
77552
77553
77554
77555
77561
77564
77565
77569
77570
77571
77576
77581
77583
77588
77592
77599
77603
77606
77612
77622
77624
77628
77634
77635
77637
77639
77640
77641
77645
77649
77665
77671
77672
77677
77679
77680
77693
77696
77697
77712
77729
77733
77738
77743
77746
77747
77766
77767
77768
77771
77776
77777
77789
77811
77817
77819
77821
77823
77826
77831
77833
77834
77837
77839
77841
77844
77846
77847
77858
77874
77897
77900
77910
77913
77914
77917
77922
77923
77926
77945
77957
77969
77973
77975
77980
77981
77982
77986
78003
78006
78009
78022
78034
78035
78044
78045
78048
78049
78051
78059
78063
78068
78080
78091
78093
78096
78099
78101
78110
78113
78117
78119
78123
78124
78129
78132
78137
78138
78146
78152
78157
78172
78174
78175
78184
78187
78191
78198
78208
78212
78227
78230
78237
78241
78242
78243
78251
78259
78261
78273
78280
78283
78285
78294
78296
78298
78301
78302
78308
78309
78316
78321
78324
78329
78330
78334
78335
78337
78338
78339
78341
78344
78348
78353
78357
78362
78364
78365
78376
78388
78389
78390
78393
78395
78396
78400
78404
78405
78410
78414
78421
78433
78441
78444
78447
78448
78452
78453
78456
78458
78463
78470
78488
78495
78497
78501
78514
78520
78521
78527
78534
78537
78545
78556
78559
78560
78564
78568
78581
78582
78590
78591
78593
78596
78603
78608
78609
78622
78623
78628
78642
78645
78648
78651
78656
78662
78663
78665
78672
78674
78675
78677
78686
78694
78696
78700
78704
78721
78723
78725
78726
78728
78730
78732
78733
78734
78737
78738
78740
78743
78755
78759
78771
78779
78783
78784
78786
78788
78792
78793
78796
78800
78812
78816
78818
78819
78823
78825
78831
78852
78861
78862
78866
78870
78873
78879
78881
78883
78885
78886
78890
78897
78898
78905
78917
78918
78924
78927
78928
78932
78934
78949
78950
78956
78960
78970
78973
78974
78981
78988
78989
78997
79006
79009
79015
79019
79027
79033
79037
79038
79044
79046
79049
79050
79056
79060
79084
79085
79087
79088
79089
79093
79095
79096
79098
79101
79111
79113
79114
79115
79125
79127
79128
79130
79132
79143
79149
79152
79153
79157
79162
79168
79169
79176
79182
79186
79191
79196
79197
79200
79203
79206
79208
79216
79229
79232
79234
79241
79244
79245
79251
79257
79262
79265
79267
79268
79273
79277
79282
79283
79287
79288
79291
79294
79299
79300
79301
79302
79303
79307
79311
79312
79313
79344
79352
79353
79354
79357
79358
79366
79367
79373
79374
79379
79391
79392
79393
79396
79403
79405
79406
79415
79423
79427
79432
79437
79439
79440
79441
79444
79460
79462
79467
79472
79473
79475
79482
79483
79489
79490
79503
79504
79510
79521
79527
79529
79533
79534
79539
79542
79547
79555
79559
79565
79572
79577
79583
79586
79587
79591
79592
79596
79599
79603
79604
79608
79610
79612
79624
79628
79629
79631
79632
79636
79645
79649
79652
79655
79656
79658
79665
79666
79668
79677
79678
79684
79686
79692
79693
79694
79695
79706
79716
79721
79728
79730
79739
79741
79742
79747
79753
79763
79764
79773
79776
79778
79779
79786
79791
79792
79804
79806
79813
79817
79818
79825
79830
79833
79835
79837
79838
79843
79856
79861
79865
79875
79877
79879
79881
79882
79889
79891
79897
79903
79905
79914
79918
79926
79930
79945
79946
79955
79959
79965
79969
79971
79973
79980
79982
80000
80005
80011
80016
80026
80031
80037
80043
80046
80049
80053
80056
80066
80071
80074
80076
80079
80095
80104
80106
80107
80111
80113
80115
80121
80123
80126
80136
80144
80146
80151
80155
80156
80157
80160
80168
80172
80182
80189
80192
80197
80199
80201
80211
80213
80220
80221
80224
80230
80234
80236
80238
80239
80240
80242
80247
80250
80260
80263
80275
80282
80285
80292
80295
80302
80305
80308
80310
80317
80328
80329
80332
80334
80338
80348
80349
80351
80360
80373
80393
80405
80409
80421
80422
80425
80448
80457
80472
80474
80476
80484
80486
80491
80492
80495
80513
80518
80524
80529
80531
80553
80554
80557
80560
80562
80563
80565
80569
80577
80580
80581
80587
80588
80589
80591
80594
80598
80604
80605
80608
80617
80619
80620
80624
80628
80629
80638
80640
80643
80647
80650
80654
80660
80665
80669
80675
80679
80684
80686
80691
80692
80701
80702
80719
80725
80728
80730
80732
80740
80741
80745
80749
80759
80765
80768
80785
80788
80791
80794
80795
80797
80798
80801
80802
80807
80812
80814
80830
80833
80836
80846
80847
80850
80851
80852
80853
80856
80865
80868
80872
80875
80877
80883
80884
80895
80897
80898
80900
80902
80907
80929
80933
80935
80955
80966
80971
80977
80988
80994
80997
81003
81005
81008
81009
81012
81014
81018
81021
81027
81030
81038
81041
81045
81053
81055
81056
81066
81078
81082
81083
81087
81099
81108
81116
81119
81130
81132
81136
81138
81139
81146
81149
81151
81171
81172
81173
81174
81178
81181
81187
81188
81189
81194
81195
81206
81213
81217
81218
81224
81225
81226
81229
81231
81236
81258
81264
81265
81267
81277
81284
81286
81291
81294
81302
81305
81311
81326
81327
81329
81333
81334
81352
81353
81355
81357
81367
81369
81375
81383
81384
81408
81412
81414
81428
81433
81436
81441
81443
81444
81448
81450
81451
81452
81453
81456
81458
81459
81461
81464
81471
81472
81487
81489
81490
81491
81499
81500
81502
81506
81509
81511
81512
81513
81517
81518
81528
81529
81535
81536
81544
81546
81564
81568
81569
81584
81598
81599
81605
81609
81613
81617
81623
81651
81652
81653
81654
81658
81659
81666
81668
81670
81675
81676
81682
81686
81688
81702
81712
81716
81718
81719
81721
81722
81726
81727
81729
81730
81733
81734
81735
81736
81743
81752
81758
81772
81774
81779
81782
81785
81787
81788
81790
81798
81800
81801
81802
81813
81847
81849
81854
81864
81868
81871
81881
81883
81886
81887
81907
81917
81921
81924
81925
81934
81945
81949
81951
81954
81969
81970
81975
81977
81979
81981
81997
81999
82001
82008
82015
82019
82024
82025
82028
82031
82032
82042
82046
82048
82072
82077
82081
82082
82089
82092
82099
82104
82106
82119
82120
82124
82125
82132
82140
82150
82152
82156
82157
82159
82169
82170
82180
82187
82195
82201
82206
82212
82220
82222
82223
82225
82237
82245
82248
82264
82265
82269
82282
82294
82296
82299
82303
82305
82308
82315
82316
82318
82319
82321
82326
82338
82341
82347
82359
82364
82365
82369
82371
82374
82378
82380
82386
82394
82395
82399
82403
82408
82412
82413
82427
82429
82432
82438
82441
82442
82445
82446
82450
82465
82469
82471
82473
82475
82477
82492
82493
82494
82497
82505
82507
82532
82538
82539
82540
82545
82554
82559
82567
82576
82582
82587
82599
82602
82605
82617
82627
82630
82645
82648
82649
82662
82666
82672
82674
82698
82706
82708
82730
82734
82735
82736
82742
82743
82750
82757
82759
82762
82764
82773
82775
82781
82782
82793
82798
82799
82801
82805
82808
82818
82822
82833
82834
82845
82848
82849
82850
82860
82862
82866
82871
82887
82889
82891
82896
82898
82908
82910
82912
82922
82928
82931
82932
82934
82938
82942
82950
82961
82969
82979
83013
83014
83019
83027
83030
83031
83035
83037
83041
83051
83061
83069
83073
83077
83092
83097
83099
83101
83104
83111
83113
83116
83126
83128
83132
83133
83138
83155
83162
83167
83168
83172
83179
83189
83190
83195
83200
83205
83216
83219
83221
83225
83229
83230
83233
83238
83242
83266
83267
83270
83276
83277
83280
83285
83293
83297
83326
83331
83338
83340
83341
83342
83346
83348
83349
83351
83352
83354
83355
83362
83371
83376
83387
83392
83400
83419
83421
83425
83441
83445
83458
83469
83472
83478
83492
83493
83499
83500
83503
83517
83534
83542
83551
83559
83566
83568
83569
83571
83572
83592
83595
83596
83597
83611
83612
83614
83615
83624
83641
83645
83657
83661
83669
83678
83685
83689
83692
83695
83703
83707
83715
83717
83733
83734
83735
83750
83752
83764
83769
83770
83772
83773
83781
83792
83794
83796
83798
83799
83803
83808
83814
83815
83818
83823
83837
83838
83840
83849
83850
83858
83860
83872
83874
83879
83880
83883
83892
83900
83904
83907
83916
83919
83926
83931
83932
83939
83941
83942
83950
83951
83956
83958
83967
83968
83977
83983
83990
83994
83995
84018
84020
84023
84038
84048
84053
84064
84066
84079
84090
84099
84101
84106
84109
84113
84121
84172
84173
84176
84180
84184
84191
84192
84193
84199
84201
84206
84207
84211
84220
84221
84226
84230
84234
84235
84245
84246
84256
84262
84263
84265
84267
84280
84295
84306
84317
84318
84320
84326
84335
84341
84353
84365
84383
84386
84395
84400
84403
84413
84429
84437
84438
84441
84443
84452
84454
84456
84475
84479
84480
84487
84500
84503
84506
84508
84517
84536
84537
84545
84547
84551
84555
84561
84567
84579
84584
84590
84593
84600
84606
84610
84611
84620
84621
84632
84636
84641
84642
84643
84653
84659
84664
84669
84679
84681
84686
84689
84696
84728
84730
84733
84740
84741
84742
84743
84749
84756
84757
84758
84765
84767
84768
84770
84780
84781
84783
84787
84790
84791
84805
84810
84824
84834
84839
84840
84844
84845
84848
84855
84861
84862
84864
84866
84872
84876
84886
84893
84897
84902
84904
84906
84912
84914
84920
84921
84923
84925
84927
84931
84933
84938
84945
84948
84955
84957
84958
84965
84966
84970
84976
84981
84984
84988
84989
84991
85004
85009
85016
85023
85024
85050
85062
85065
85080
85081
85085
85092
85094
85095
85096
85097
85102
85120
85121
85125
85127
85129
85135
85141
85142
85152
85155
85156
85158
85162
85164
85168
85170
85174
85184
85187
85194
85197
85204
85208
85210
85217
85239
85258
85270
85281
85290
85296
85301
85305
85311
85316
85317
85319
85321
85325
85326
85327
85330
85332
85342
85343
85346
85351
85354
85355
85357
85363
85372
85373
85386
85387
85396
85399
85402
85403
85407
85412
85417
85419
85425
85432
85441
85446
85448
85457
85470
85473
85476
85492
85495
85501
85517
85523
85525
85526
85527
85537
85547
85550
85567
85568
85570
85583
85587
85610
85628
85638
85642
85653
85655
85681
85684
85685
85688
85689
85705
85710
85712
85713
85716
85730
85733
85737
85738
85739
85748
85751
85755
85763
85767
85770
85774
85776
85780
85784
85786
85794
85799
85801
85805
85826
85831
85834
85838
85842
85843
85845
85850
85866
85867
85869
85884
85892
85898
85900
85913
85919
85923
85937
85939
85951
85953
85954
85963
85971
85975
85976
85981
85985
85987
85989
86007
86020
86023
86029
86030
86034
86035
86042
86053
86063
86070
86076
86078
86083
86098
86099
86104
86113
86136
86137
86146
86150
86153
86155
86159
86160
86162
86168
86176
86179
86186
86195
86204
86210
86214
86215
86234
86237
86239
86249
86257
86258
86267
86270
86272
86278
86280
86282
86285
86303
86305
86310
86311
86315
86317
86323
86330
86337
86339
86362
86365
86368
86372
86373
86374
86380
86391
86412
86422
86426
86434
86439
86448
86452
86457
86506
86511
86527
86539
86541
86550
86563
86564
86573
86574
86584
86590
86591
86592
86598
86603
86604
86620
86630
86636
86644
86645
86656
86660
86664
86682
86685
86688
86697
86700
86704
86707
86708
86713
86715
86722
86727
86729
86732
86735
86736
86741
86742
86746
86759
86781
86782
86789
86791
86812
86839
86850
86851
86853
86854
86864
86869
86871
86880
86883
86890
86893
86894
86896
86899
86901
86911
86915
86916
86917
86920
86921
86922
86923
86927
86942
86949
86951
86955
86959
86968
86969
86975
86982
86983
86985
87002
87003
87015
87025
87042
87045
87058
87063
87066
87067
87077
87097
87106
87111
87113
87117
87119
87120
87129
87132
87134
87139
87142
87144
87147
87151
87154
87161
87170
87180
87184
87195
87196
87200
87202
87215
87225
87227
87231
87240
87243
87248
87249
87250
87252
87259
87265
87279
87282
87287
87291
87295
87296
87302
87306
87315
87316
87322
87345
87356
87360
87366
87371
87397
87408
87409
87411
87412
87421
87423
87425
87431
87432
87438
87439
87460
87461
87470
87475
87481
87484
87517
87532
87535
87543
87544
87546
87549
87550
87560
87564
87566
87574
87577
87585
87586
87599
87600
87604
87615
87618
87632
87635
87640
87660
87669
87696
87697
87701
87703
87714
87729
87733
87749
87753
87754
87773
87775
87794
87798
87802
87805
87809
87812
87814
87816
87828
87839
87840
87856
87858
87865
87878
87885
87895
87899
87911
87953
87955
87963
87964
87966
87985
87991
87995
87997
88000
88003
88007
88012
88013
88019
88021
88025
88045
88048
88050
88054
88058
88064
88073
88081
88088
88093
88094
88100
88101
88116
88117
88121
88122
88131
88140
88149
88151
88155
88160
88161
88165
88166
88167
88174
88175
88193
88198
88203
88208
88226
88227
88230
88237
88239
88240
88241
88250
88252
88255
88261
88265
88272
88282
88285
88293
88294
88310
88334
88343
88345
88353
88354
88356
88358
88360
88364
88365
88366
88367
88378
88388
88393
88397
88399
88404
88406
88416
88418
88419
88424
88425
88436
88438
88439
88453
88457
88459
88466
88473
88500
88503
88505
88508
88512
88513
88514
88515
88517
88524
88533
88547
88554
88559
88570
88573
88587
88596
88612
88618
88630
88635
88639
88641
88642
88653
88663
88688
88702
88704
88711
88713
88716
88735
88736
88738
88751
88758
88761
88769
88779
88790
88792
88795
88809
88810
88813
88816
88826
88828
88854
88862
88868
88874
88875
88880
88886
88899
88921
88939
88946
88955
88972
88988
88989
88997
89001
89008
89031
89069
89074
89075
89089
89094
89097
89099
89102
89110
89117
89122
89126
89140
89145
89155
89178
89180
89181
89186
89188
89195
89204
89219
89234
89235
89236
89250
89273
89278
89279
89283
89289
89290
89302
89310
89313
89314
89322
89328
89337
89339
89343
89349
89358
89370
89373
89382
89386
89388
89415
89420
89423
89433
89443
89447
89448
89455
89459
89466
89475
89496
89501
89507
89514
89530
89535
89546
89548
89559
89563
89564
89566
89587
89607
89611
89612
89615
89617
89618
89619
89620
89628
89631
89633
89636
89638
89646
89648
89650
89651
89660
89661
89667
89673
89677
89681
89684
89685
89689
89693
89699
89706
89718
89720
89722
89731
89735
89738
89740
89750
89751
89754
89766
89767
89768
89770
89774
89806
89814
89817
89818
89833
89835
89849
89856
89863
89879
89882
89896
89902
89903
89927
89929
89931
89932
89933
89956
89970
89971
89976
89986
89991
90012
90016
90050
90053
90057
90066
90067
90079
90082
90111
90123
90124
90133
90136
90142
90155
90159
90167
90168
90173
90179
90208
90221
90223
90229
90230
90235
90239
90246
90252
90275
90284
90294
90297
90307
90316
90325
90330
90342
90347
90364
90365
90368
90369
90383
90396
90410
90445
90449
90459
90460
90471
90481
90486
90507
90509
90513
90516
90519
90522
90530
90538
90546
90548
90549
90551
90560
90562
90579
90585
90587
90591
90592
90594
90610
90611
90625
90647
90653
90658
90661
90671
90672
90676
90680
90682
90689
90708
90724
90726
90727
90731
90759
90760
90767
90775
90778
90783
90791
90795
90803
90807
90832
90833
90846
90854
90858
90860
90866
90880
90882
90886
90894
90900
90907
90910
90914
90916
90924
90925
90933
90942
90946
90956
90957
90960
90962
90964
90980
90984
90986
91002
91006
91010
91017
91018
91022
91024
91026
91029
91032
91035
91037
91045
91061
91062
91063
91070
91072
91074
91079
91082
91087
91099
91100
91107
91119
91122
91123
91124
91129
91140
91145
91156
91164
91165
91167
91168
91185
91189
91198
91210
91237
91255
91274
91275
91277
91280
91282
91287
91289
91293
91294
91301
91311
91316
91319
91339
91342
91345
91358
91361
91363
91370
91376
91382
91383
91388
91412
91413
91429
91437
91438
91462
91471
91478
91486
91500
91505
91508
91509
91520
91528
91533
91540
91557
91558
91576
91584
91587
91593
91599
91606
91607
91608
91609
91629
91636
91637
91644
91646
91653
91678
91681
91685
91690
91697
91703
91710
91712
91730
91733
91752
91765
91774
91775
91783
91785
91789
91790
91794
91797
91806
91807
91814
91816
91817
91820
91828
91833
91848
91861
91874
91897
91901
91907
91916
91922
91937
91938
91967
91968
91971
91978
91979
91982
91998
92009
92021
92033
92045
92074
92089
92093
92100
92108
92123
92128
92130
92132
92152
92153
92155
92170
92174
92178
92181
92191
92207
92235
92259
92266
92267
92270
92281
92282
92291
92317
92324
92326
92347
92349
92350
92352
92353
92358
92363
92364
92377
92378
92380
92392
92408
92411
92436
92440
92456
92457
92465
92466
92485
92487
92491
92496
92510
92512
92525
92527
92531
92536
92551
92564
92573
92589
92591
92594
92601
92605
92608
92618
92622
92626
92628
92633
92637
92640
92642
92645
92650
92654
92677
92684
92685
92686
92700
92701
92707
92711
92715
92734
92752
92755
92756
92772
92785
92789
92802
92805
92814
92815
92817
92848
92850
92851
92856
92858
92862
92868
92876
92878
92887
92891
92892
92900
92914
92917
92920
92935
92960
92962
92980
92982
92987
92992
92994
92996
93000
93008
93027
93039
93040
93044
93056
93067
93072
93074
93084
93085
93097
93107
93116
93128
93129
93131
93135
93143
93159
93162
93164
93167
93171
93181
93183
93188
93200
93214
93231
93232
93233
93234
93246
93248
93252
93256
93270
93272
93297
93298
93316
93332
93335
93338
93345
93349
93358
93377
93391
93407
93408
93426
93431
93445
93447
93474
93477
93481
93488
93490
93491
93501
93508
93509
93516
93523
93526
93541
93550
93568
93580
93620
93626
93627
93657
93676
93687
93689
93698
93700
93716
93719
93722
93724
93727
93732
93734
93735
93745
93749
93750
93754
93792
93797
93804
93809
93829
93837
93855
93856
93863
93864
93878
93881
93883
93887
93889
93913
93915
93916
93930
93939
93947
93949
93959
93963
94000
94001
94015
94034
94038
94044
94065
94083
94095
94102
94104
94136
94141
94144
94146
94160
94186
94192
94204
94211
94215
94220
94226
94231
94236
94240
94248
94256
94257
94269
94274
94323
94337
94341
94342
94360
94374
94376
94391
94395
94403
94407
94409
94411
94412
94414
94416
94440
94456
94468
94469
94478
94481
94485
94495
94496
94500
94518
94522
94543
94546
94555
94560
94573
94586
94591
94594
94599
94614
94620
94621
94627
94652
94659
94667
94669
94679
94684
94702
94713
94732
94753
94763
94773
94777
94778
94780
94786
94791
94797
94799
94809
94820
94839
94844
94858
94920
94933
94948
94956
94963
94972
94973
94996
95020
95043
95047
95065
95072
95090
95094
95106
95111
95118
95122
95126
95128
95129
95132
95159
95166
95186
95188
95192
95199
95215
95233
95249
95250
95252
95253
95257
95266
95273
95278
95282
95289
95297
95303
95309
95310
95312
95325
95330
95331
95339
95346
95363
95376
95383
95389
95405
95412
95420
95422
95424
95426
95432
95450
95455
95458
95460
95467
95482
95500
95508
95511
95528
95532
95558
95594
95596
95601
95603
95609
95610
95611
95637
95640
95649
95658
95667
95668
95694
95696
95724
95739
95742
95746
95758
95759
95781
95788
95799
95801
95822
95826
95833
95844
95847
95848
95852
95855
95864
95866
95885
95889
95895
95904
95927
95933
95947
95948
95949
95957
95963
95964
95970
95985
95995
95998
96009
96010
96012
96019
96026
96059
96074
96077
96080
96091
96092
96099
96118
96141
96144
96151
96174
96180
96181
96187
96226
96230
96238
96245
96246
96256
96257
96269
96276
96282
96287
96289
96310
96312
96321
96340
96353
96367
96381
96402
96405
96408
96421
96425
96431
96433
96434
96450
96465
96467
96475
96485
96503
96512
96517
96518
96527
96539
96545
96550
96560
96565
96570
96585
96591
96597
96599
96603
96612
96617
96621
96635
96642
96643
96656
96693
96699
96713
96717
96720
96738
96748
96750
96762
96774
96775
96783
96796
96799
96800
96814
96841
96843
96854
96865
96868
96885
96890
96906
96919
96943
96945
96959
96961
96969
96972
96973
96976
96990
96993
96996
97007
97019
97022
97026
97028
97054
97060
97103
97105
97117
97120
97145
97158
97181
97186
97195
97223
97238
97240
97241
97242
97243
97301
97314
97324
97325
97333
97336
97339
97355
97357
97378
97389
97398
97407
97408
97420
97421
97426
97456
97462
97472
97475
97482
97501
97511
97515
97535
97541
97547
97554
97589
97610
97633
97640
97645
97648
97679
97686
97695
97720
97743
97751
97774
97778
97790
97791
97813
97838
97842
97871
97874
97875
97887
97902
97905
97910
97912
97918
97919
97934
97939
97943
97944
97958
97963
97966
97967
97969
97981
97988
97995
98007
98009
98011
98012
98014
98015
98021
98034
98041
98048
98064
98072
98077
98078
98090
98091
98104
98108
98122
98142
98144
98148
98149
98157
98172
98198
98202
98205
98206
98210
98215
98218
98226
98232
98284
98286
98305
98321
98329
98335
98349
98351
98364
98372
98382
98387
98410
98420
98436
98444
98450
98458
98463
98472
98488
98498
98501
98503
98546
98556
98560
98564
98568
98572
98581
98591
98596
98597
98599
98603
98632
98647
98648
98664
98673
98686
98696
98701
98720
98722
98775
98788
98799
98814
98816
98833
98835
98877
98900
98905
98941
98945
98946
98950
98953
98961
98973
98998
99006
99016
99019
99021
99069
99073
99076
99077
99084
99086
99090
99097
99099
99127
99149
99163
99164
99180
99181
99185
99192
99193
99210
99234
99235
99238
99254
99261
99265
99271
99273
99296
99314
99321
99332
99341
99348
99374
99378
99384
99387
99391
99400
99401
99416
99431
99439
99440
99452
99453
99459
99477
99482
99505
99508
99511
99520
99526
99540
99546
99551
99553
99563
99615
99656
99676
99704
99736
99753
99796
99806
99811
99820
99826
99829
99830
99839
99851
99873
99877
99890
99900
99904
99908
99916
99922
99926
99932
99933
99942
99952
99962
99969
99973
99983
99988
99996
